2022-02-10T21-04-53,03885,CORE PRIMARY CARE - STRATHAM,,,0,9,02/10/2022 12:00:00 AM
2022-02-14T09-23-55,03885,CORE PRIMARY CARE - STRATHAM,,,0,9,02/10/2022 12:00:00 AM
2022-02-15T10-17-36,03885,CORE PRIMARY CARE - STRATHAM,,,0,9,02/10/2022 12:00:00 AM
2022-02-16T08-11-48,03885,CORE PRIMARY CARE - STRATHAM,,,0,9,02/10/2022 12:00:00 AM
2022-02-16T08-23-53,03885,CORE PRIMARY CARE - STRATHAM,,,0,8,02/15/2022 12:00:00 AM
2022-03-16T18-51-35,03885,CORE PRIMARY CARE - STRATHAM,NLP,NLP,NLP,19,03/10/2022 12:00:00 AM
2022-03-18T11-17-38,03885,CORE PRIMARY CARE - STRATHAM,NLP,NLP,NLP,17,03/16/2022 12:00:00 AM
2022-03-18T15-22-50,03885,CORE PRIMARY CARE - STRATHAM,NLP,NLP,NLP,17,03/16/2022 12:00:00 AM
2022-03-19T08-15-59,03885,CORE PRIMARY CARE - STRATHAM,NLP,NLP,NLP,17,03/16/2022 12:00:00 AM
2022-03-19T11-58-02,03885,CORE PRIMARY CARE - STRATHAM,NLP,NLP,NLP,17,03/18/2022 12:00:00 AM
2022-03-20T06-05-37,03885,CORE PRIMARY CARE - STRATHAM,NLP,NLP,NLP,17,03/18/2022 12:00:00 AM
2022-03-21T06-11-50,03885,CORE PRIMARY CARE - STRATHAM,NLP,NLP,NLP,17,03/18/2022 12:00:00 AM
2022-03-21T14-18-38,03885,CORE PRIMARY CARE - STRATHAM,NLP,NLP,NLP,17,03/18/2022 12:00:00 AM
2022-03-21T16-35-27,03885,CORE PRIMARY CARE - STRATHAM,NLP,NLP,NLP,16,03/21/2022 12:00:00 AM
2022-03-22T09-16-18,03885,CORE PRIMARY CARE - STRATHAM,NLP,NLP,NLP,16,03/21/2022 12:00:00 AM
2022-03-23T08-41-43,03885,CORE PRIMARY CARE - STRATHAM,NLP,NLP,NLP,14,03/22/2022 12:00:00 AM
2022-03-24T07-49-11,03885,CORE PRIMARY CARE - STRATHAM,NLP,NLP,NLP,14,03/22/2022 12:00:00 AM
2022-03-24T13-46-29,03885,CORE PRIMARY CARE - STRATHAM,NLP,NLP,NLP,13,03/24/2022 12:00:00 AM
2022-03-25T08-10-53,03885,CORE PRIMARY CARE - STRATHAM,NLP,NLP,NLP,13,03/24/2022 12:00:00 AM
2022-03-26T06-57-27,03885,CORE PRIMARY CARE - STRATHAM,NLP,NLP,NLP,13,03/25/2022 12:00:00 AM
2022-03-26T12-42-50,03885,CORE PRIMARY CARE - STRATHAM,NLP,NLP,NLP,13,03/25/2022 12:00:00 AM
2022-03-27T06-25-27,03885,CORE PRIMARY CARE - STRATHAM,NLP,NLP,NLP,13,03/25/2022 12:00:00 AM
2022-03-28T06-21-17,03885,CORE PRIMARY CARE - STRATHAM,NLP,NLP,NLP,13,03/25/2022 12:00:00 AM
2022-03-29T08-50-48,03885,CORE PRIMARY CARE - STRATHAM,NLP,NLP,NLP,13,03/25/2022 12:00:00 AM
2022-03-30T09-27-07,03885,CORE PRIMARY CARE - STRATHAM,NLP,NLP,NLP,12,03/29/2022 12:00:00 AM
2022-03-31T08-53-07,03885,CONVENIENTMD STRATHAM,NLP,NLP,NLP,20,03/30/2022 12:00:00 AM
2022-03-31T08-53-07,03885,CORE PRIMARY CARE - STRATHAM,NLP,NLP,NLP,10,03/30/2022 12:00:00 AM
2022-03-31T15-09-22,03885,CONVENIENTMD STRATHAM,NLP,NLP,NLP,20,03/30/2022 12:00:00 AM
2022-03-31T15-09-22,03885,CORE PRIMARY CARE - STRATHAM,NLP,NLP,NLP,10,03/30/2022 12:00:00 AM
2022-04-01T06-54-45,03885,CONVENIENTMD STRATHAM,NLP,NLP,NLP,20,03/31/2022 12:00:00 AM
2022-04-01T06-54-45,03885,CORE PRIMARY CARE - STRATHAM,NLP,NLP,NLP,10,03/30/2022 12:00:00 AM
2022-04-02T06-05-59,03885,CONVENIENTMD STRATHAM,NLP,NLP,NLP,20,04/01/2022 12:00:00 AM
2022-04-02T06-05-59,03885,CORE PRIMARY CARE - STRATHAM,NLP,NLP,NLP,10,03/30/2022 12:00:00 AM
2022-04-03T05-51-54,03885,CORE PRIMARY CARE - STRATHAM,NLP,NLP,NLP,10,03/30/2022 12:00:00 AM
2022-04-03T05-51-54,03885,CONVENIENTMD STRATHAM,NLP,NLP,NLP,20,04/01/2022 12:00:00 AM
2022-04-04T05-38-24,03885,CONVENIENTMD STRATHAM,NLP,NLP,NLP,20,04/01/2022 12:00:00 AM
2022-04-04T05-38-24,03885,CORE PRIMARY CARE - STRATHAM,NLP,NLP,NLP,10,03/30/2022 12:00:00 AM
2022-04-05T05-48-33,03885,CONVENIENTMD STRATHAM,NLP,NLP,NLP,20,04/04/2022 12:00:00 AM
2022-04-05T05-48-33,03885,CORE PRIMARY CARE - STRATHAM,NLP,NLP,NLP,8,04/04/2022 12:00:00 AM
2022-04-06T05-45-18,03885,CONVENIENTMD STRATHAM,NLP,NLP,NLP,20,04/05/2022 12:00:00 AM
2022-04-06T05-45-18,03885,CORE PRIMARY CARE - STRATHAM,NLP,NLP,NLP,8,04/04/2022 12:00:00 AM
2022-04-07T05-34-07,03885,CONVENIENTMD STRATHAM,NLP,NLP,NLP,20,04/06/2022 12:00:00 AM
2022-04-07T05-34-07,03885,CORE PRIMARY CARE - STRATHAM,NLP,NLP,NLP,7,04/06/2022 12:00:00 AM
2022-04-08T05-48-29,03885,CONVENIENTMD STRATHAM,NLP,NLP,NLP,20,04/07/2022 12:00:00 AM
2022-04-08T05-48-29,03885,CORE PRIMARY CARE - STRATHAM,NLP,NLP,NLP,7,04/07/2022 12:00:00 AM
2022-04-09T05-41-09,03885,CONVENIENTMD STRATHAM,NLP,NLP,NLP,20,04/08/2022 12:00:00 AM
2022-04-09T05-41-09,03885,CORE PRIMARY CARE - STRATHAM,NLP,NLP,NLP,5,04/08/2022 12:00:00 AM
2022-04-10T09-31-27,03885,CONVENIENTMD STRATHAM,NLP,NLP,NLP,20,04/08/2022 12:00:00 AM
2022-04-10T09-31-27,03885,CORE PRIMARY CARE - STRATHAM,NLP,NLP,NLP,5,04/08/2022 12:00:00 AM
2022-04-11T07-06-23,03885,CONVENIENTMD STRATHAM,NLP,NLP,NLP,20,04/08/2022 12:00:00 AM
2022-04-11T07-06-23,03885,CORE PRIMARY CARE - STRATHAM,NLP,NLP,NLP,5,04/08/2022 12:00:00 AM
2022-04-12T07-06-55,03885,CORE PRIMARY CARE - STRATHAM,NLP,NLP,NLP,4,04/11/2022 12:00:00 AM
2022-04-12T07-06-55,03885,CONVENIENTMD STRATHAM,NLP,NLP,NLP,20,04/11/2022 12:00:00 AM
2022-04-13T09-20-57,03885,CONVENIENTMD STRATHAM,NLP,NLP,NLP,19,04/12/2022 12:00:00 AM
2022-04-13T09-20-57,03885,CORE PRIMARY CARE - STRATHAM,NLP,NLP,NLP,3,04/12/2022 12:00:00 AM
2022-04-13T11-55-39,03885,CONVENIENTMD STRATHAM,NLP,NLP,NLP,19,04/12/2022 12:00:00 AM
2022-04-13T11-55-39,03885,CORE PRIMARY CARE - STRATHAM,NLP,NLP,NLP,3,04/12/2022 12:00:00 AM
2022-04-14T09-18-06,03885,CONVENIENTMD STRATHAM,NLP,NLP,NLP,18,04/13/2022 12:00:00 AM
2022-04-14T09-18-06,03885,CORE PRIMARY CARE - STRATHAM,NLP,NLP,NLP,3,04/13/2022 12:00:00 AM
2022-04-14T09-18-06,03885,CVS Store #00500,NLP,NLP,NLP,20,04/13/2022 12:00:00 AM
2022-04-15T06-03-51,03885,CONVENIENTMD STRATHAM,NLP,NLP,NLP,18,04/14/2022 12:00:00 AM
2022-04-15T06-03-51,03885,CVS Store #00500,NLP,NLP,NLP,20,04/14/2022 12:00:00 AM
2022-04-15T06-03-51,03885,CORE PRIMARY CARE - STRATHAM,NLP,NLP,NLP,1,04/14/2022 12:00:00 AM
2022-04-16T05-33-42,03885,CONVENIENTMD STRATHAM,NLP,NLP,NLP,18,04/14/2022 12:00:00 AM
2022-04-16T05-33-42,03885,CORE PRIMARY CARE - STRATHAM,NLP,NLP,NLP,1,04/15/2022 12:00:00 AM
2022-04-16T05-33-42,03885,CVS Store #00500,NLP,NLP,NLP,18,04/15/2022 12:00:00 AM
2022-04-17T05-32-24,03885,CONVENIENTMD STRATHAM,NLP,NLP,NLP,18,04/14/2022 12:00:00 AM
2022-04-17T05-32-24,03885,CORE PRIMARY CARE - STRATHAM,NLP,NLP,NLP,1,04/15/2022 12:00:00 AM
2022-04-17T05-32-24,03885,CVS Store #00500,NLP,NLP,NLP,18,04/15/2022 12:00:00 AM
2022-04-18T05-31-10,03885,CONVENIENTMD STRATHAM,NLP,NLP,NLP,18,04/14/2022 12:00:00 AM
2022-04-18T05-31-10,03885,CORE PRIMARY CARE - STRATHAM,NLP,NLP,NLP,1,04/15/2022 12:00:00 AM
2022-04-18T05-31-10,03885,CVS Store #00500,NLP,NLP,NLP,18,04/15/2022 12:00:00 AM
2022-04-19T05-39-24,03885,CONVENIENTMD STRATHAM,NLP,NLP,NLP,18,04/18/2022 12:00:00 AM
2022-04-19T05-39-24,03885,CVS Store #00500,NLP,NLP,NLP,17,04/18/2022 12:00:00 AM
2022-04-20T05-27-37,03885,CONVENIENTMD STRATHAM,NLP,NLP,NLP,18,04/19/2022 12:00:00 AM
2022-04-20T05-27-37,03885,CVS Store #00500,NLP,NLP,NLP,14,04/19/2022 12:00:00 AM
2022-04-21T05-29-54,03885,CONVENIENTMD STRATHAM,NLP,NLP,NLP,18,04/20/2022 12:00:00 AM
2022-04-21T05-29-54,03885,CVS Store #00500,NLP,NLP,NLP,14,04/20/2022 12:00:00 AM
2022-04-22T05-26-18,03885,CONVENIENTMD STRATHAM,NLP,NLP,NLP,18,04/21/2022 12:00:00 AM
2022-04-22T05-26-18,03885,CVS Store #00500,NLP,NLP,NLP,11,04/21/2022 12:00:00 AM
2022-04-23T05-25-10,03885,CONVENIENTMD STRATHAM,NLP,NLP,NLP,18,04/22/2022 12:00:00 AM
2022-04-23T05-25-10,03885,CVS Store #00500,NLP,NLP,NLP,10,04/22/2022 12:00:00 AM
2022-04-24T05-22-24,03885,CONVENIENTMD STRATHAM,NLP,NLP,NLP,18,04/22/2022 12:00:00 AM
2022-04-24T05-22-24,03885,CVS Store #00500,NLP,NLP,NLP,10,04/22/2022 12:00:00 AM
2022-04-25T05-22-33,03885,CONVENIENTMD STRATHAM,NLP,NLP,NLP,18,04/22/2022 12:00:00 AM
2022-04-25T05-22-33,03885,CVS Store #00500,NLP,NLP,NLP,10,04/22/2022 12:00:00 AM
2022-04-26T05-20-54,03885,CONVENIENTMD STRATHAM,NLP,NLP,NLP,17,04/25/2022 12:00:00 AM
2022-04-26T05-20-54,03885,CVS Store #00500,NLP,NLP,NLP,3,04/25/2022 12:00:00 AM
2022-04-27T05-23-49,03885,CONVENIENTMD STRATHAM,NLP,NLP,NLP,17,04/26/2022 12:00:00 AM
2022-04-27T05-23-49,03885,CVS Store #00500,NLP,NLP,NLP,20,04/26/2022 12:00:00 AM
2022-04-28T09-22-45,03885,CONVENIENTMD STRATHAM,NLP,NLP,NLP,16,04/28/2022 12:00:00 AM
2022-04-28T09-22-45,03885,CVS Store #00500,NLP,NLP,NLP,20,04/26/2022 12:00:00 AM
2022-04-29T05-13-54,03885,CONVENIENTMD STRATHAM,NLP,NLP,NLP,16,04/28/2022 12:00:00 AM
2022-04-29T05-13-54,03885,CVS Store #00500,NLP,NLP,NLP,13,04/28/2022 12:00:00 AM
2022-04-30T05-15-55,03885,CONVENIENTMD STRATHAM,NLP,NLP,NLP,14,04/29/2022 12:00:00 AM
2022-04-30T05-15-55,03885,CVS Store #00500,NLP,NLP,NLP,12,04/29/2022 12:00:00 AM
2022-05-01T05-13-51,03885,CONVENIENTMD STRATHAM,NLP,NLP,NLP,14,04/29/2022 12:00:00 AM
2022-05-01T05-13-51,03885,CVS Store #00500,NLP,NLP,NLP,12,04/29/2022 12:00:00 AM
2022-05-02T06-02-50,03885,CONVENIENTMD STRATHAM,NLP,NLP,NLP,14,04/29/2022 12:00:00 AM
2022-05-02T06-02-50,03885,CVS Store #00500,NLP,NLP,NLP,12,04/29/2022 12:00:00 AM
2022-05-03T06-05-23,03885,CONVENIENTMD STRATHAM,NLP,NLP,NLP,12,05/02/2022 12:00:00 AM
2022-05-03T06-05-23,03885,CVS Store #00500,NLP,NLP,NLP,11,05/02/2022 12:00:00 AM
2022-05-04T05-12-02,03885,CONVENIENTMD STRATHAM,NLP,NLP,NLP,12,05/03/2022 12:00:00 AM
2022-05-04T05-12-02,03885,CVS Store #00500,NLP,NLP,NLP,46,05/03/2022 12:00:00 AM
2022-05-05T09-49-47,03885,CONVENIENTMD STRATHAM,NLP,NLP,NLP,12,05/04/2022 12:00:00 AM
2022-05-05T09-49-47,03885,CVS Store #00500,NLP,NLP,NLP,44,05/04/2022 12:00:00 AM
2022-05-06T06-12-41,03885,CONVENIENTMD STRATHAM,NLP,NLP,NLP,12,05/05/2022 12:00:00 AM
2022-05-06T06-12-41,03885,CVS Store #00500,NLP,NLP,NLP,42,05/05/2022 12:00:00 AM
2022-05-07T05-45-31,03885,CONVENIENTMD STRATHAM,NLP,NLP,NLP,9,05/06/2022 12:00:00 AM
2022-05-07T05-45-31,03885,CVS Store #00500,NLP,NLP,NLP,41,05/06/2022 12:00:00 AM
2022-05-07T05-45-31,03885,OSCO PHARMACY,NLP,NLP,NLP,20,05/06/2022 12:00:00 AM
2022-05-08T10-02-59,03885,CONVENIENTMD STRATHAM,NLP,NLP,NLP,9,05/06/2022 12:00:00 AM
2022-05-08T10-02-59,03885,CVS Store #00500,NLP,NLP,NLP,41,05/06/2022 12:00:00 AM
2022-05-08T10-02-59,03885,OSCO PHARMACY,NLP,NLP,NLP,20,05/06/2022 12:00:00 AM
2022-05-09T05-08-14,03885,CONVENIENTMD STRATHAM,NLP,NLP,NLP,9,05/06/2022 12:00:00 AM
2022-05-09T05-08-14,03885,CVS Store #00500,NLP,NLP,NLP,41,05/06/2022 12:00:00 AM
2022-05-09T05-08-14,03885,OSCO PHARMACY,NLP,NLP,NLP,20,05/06/2022 12:00:00 AM
2022-05-10T06-06-54,03885,CONVENIENTMD STRATHAM,NLP,NLP,NLP,4,05/09/2022 12:00:00 AM
2022-05-10T06-06-54,03885,CVS Store #00500,NLP,NLP,NLP,56,05/09/2022 12:00:00 AM
2022-05-10T06-06-54,03885,OSCO PHARMACY,NLP,NLP,NLP,20,05/09/2022 12:00:00 AM
2022-05-11T06-51-12,03885,CONVENIENTMD STRATHAM,NLP,NLP,NLP,5,05/10/2022 12:00:00 AM
2022-05-11T06-51-12,03885,CVS Store #00500,NLP,NLP,NLP,51,05/10/2022 12:00:00 AM
2022-05-11T06-51-12,03885,OSCO PHARMACY,NLP,NLP,NLP,20,05/10/2022 12:00:00 AM
2022-05-12T07-16-49,03885,CONVENIENTMD STRATHAM,NLP,NLP,NLP,3,05/11/2022 12:00:00 AM
2022-05-12T07-16-49,03885,OSCO PHARMACY,NLP,NLP,NLP,19,05/11/2022 12:00:00 AM
2022-05-12T07-16-49,03885,CVS Store #00500,NLP,NLP,NLP,41,05/11/2022 12:00:00 AM
2022-05-13T06-07-31,03885,CONVENIENTMD STRATHAM,NLP,NLP,NLP,3,05/12/2022 12:00:00 AM
2022-05-13T06-07-31,03885,OSCO PHARMACY,NLP,NLP,NLP,19,05/12/2022 12:00:00 AM
2022-05-13T06-07-31,03885,CVS Store #00500,NLP,NLP,NLP,35,05/12/2022 12:00:00 AM
2022-05-14T08-49-14,03885,CONVENIENTMD STRATHAM,NLP,NLP,NLP,22,05/13/2022 12:00:00 AM
2022-05-14T08-49-14,03885,CVS Store #00500,NLP,NLP,NLP,31,05/13/2022 12:00:00 AM
2022-05-14T08-49-14,03885,OSCO PHARMACY,NLP,NLP,NLP,19,05/12/2022 12:00:00 AM
2022-05-15T05-54-13,03885,CONVENIENTMD STRATHAM,NLP,NLP,NLP,22,05/13/2022 12:00:00 AM
2022-05-15T05-54-13,03885,OSCO PHARMACY,NLP,NLP,NLP,19,05/12/2022 12:00:00 AM
2022-05-15T05-54-13,03885,CVS Store #00500,NLP,NLP,NLP,31,05/13/2022 12:00:00 AM
2022-05-16T05-54-24,03885,CONVENIENTMD STRATHAM,NLP,NLP,NLP,22,05/13/2022 12:00:00 AM
2022-05-16T05-54-24,03885,CVS Store #00500,NLP,NLP,NLP,31,05/13/2022 12:00:00 AM
2022-05-16T05-54-24,03885,OSCO PHARMACY,NLP,NLP,NLP,19,05/12/2022 12:00:00 AM
2022-05-17T05-27-38,03885,CONVENIENTMD STRATHAM,NLP,NLP,NLP,19,05/16/2022 12:00:00 AM
2022-05-17T05-27-38,03885,OSCO PHARMACY,NLP,NLP,NLP,19,05/16/2022 12:00:00 AM
2022-05-17T05-27-38,03885,CVS Store #00500,NLP,NLP,NLP,31,05/13/2022 12:00:00 AM
2022-05-18T05-40-23,03885,CONVENIENTMD STRATHAM,NLP,NLP,NLP,19,05/17/2022 12:00:00 AM
2022-05-18T05-40-23,03885,CVS Store #00500,NLP,NLP,NLP,56,05/17/2022 12:00:00 AM
2022-05-18T05-40-23,03885,OSCO PHARMACY,NLP,NLP,NLP,18,05/17/2022 12:00:00 AM
2022-05-19T05-25-31,03885,CONVENIENTMD STRATHAM,NLP,NLP,NLP,19,05/18/2022 12:00:00 AM
2022-05-19T05-25-31,03885,CVS Store #00500,NLP,NLP,NLP,52,05/18/2022 12:00:00 AM
2022-05-19T05-25-31,03885,OSCO PHARMACY,NLP,NLP,NLP,17,05/18/2022 12:00:00 AM
2022-05-20T05-59-40,03885,CONVENIENTMD STRATHAM,NLP,NLP,NLP,19,05/18/2022 12:00:00 AM
2022-05-20T05-59-40,03885,CVS Store #00500,NLP,NLP,NLP,52,05/18/2022 12:00:00 AM
2022-05-20T05-59-40,03885,OSCO PHARMACY,NLP,NLP,NLP,17,05/18/2022 12:00:00 AM
2022-05-21T05-54-21,03885,CONVENIENTMD STRATHAM,NLP,NLP,NLP,18,05/20/2022 12:00:00 AM
2022-05-21T05-54-21,03885,OSCO PHARMACY,NLP,NLP,NLP,16,05/19/2022 12:00:00 AM
2022-05-21T05-54-21,03885,CVS Store #00500,NLP,NLP,NLP,64,05/20/2022 12:00:00 AM
2022-05-22T09-07-10,03885,CONVENIENTMD STRATHAM,NLP,NLP,NLP,18,05/20/2022 12:00:00 AM
2022-05-22T09-07-10,03885,OSCO PHARMACY,NLP,NLP,NLP,16,05/21/2022 12:00:00 AM
2022-05-22T09-07-10,03885,CVS Store #00500,NLP,NLP,NLP,64,05/20/2022 12:00:00 AM
2022-05-23T07-42-39,03885,CONVENIENTMD STRATHAM,NLP,NLP,NLP,18,05/20/2022 12:00:00 AM
2022-05-23T07-42-39,03885,OSCO PHARMACY,NLP,NLP,NLP,16,05/21/2022 12:00:00 AM
2022-05-23T07-42-39,03885,CVS Store #00500,NLP,NLP,NLP,64,05/20/2022 12:00:00 AM
2022-05-23T07-42-39,03885,CONVENIENTMD STRATHAM,NLP,NLP,NLP,18,05/20/2022 12:00:00 AM
2022-05-23T07-42-39,03885,OSCO PHARMACY,NLP,NLP,NLP,16,05/21/2022 12:00:00 AM
2022-05-23T07-42-39,03885,CVS Store #00500,NLP,NLP,NLP,64,05/20/2022 12:00:00 AM
2022-05-23T07-42-39,03885,CONVENIENTMD STRATHAM,NLP,NLP,NLP,18,05/20/2022 12:00:00 AM
2022-05-23T07-42-39,03885,OSCO PHARMACY,NLP,NLP,NLP,16,05/21/2022 12:00:00 AM
2022-05-23T07-42-39,03885,CVS Store #00500,NLP,NLP,NLP,64,05/20/2022 12:00:00 AM
2022-05-23T07-42-39,03885,CONVENIENTMD STRATHAM,NLP,NLP,NLP,18,05/20/2022 12:00:00 AM
2022-05-23T07-42-39,03885,OSCO PHARMACY,NLP,NLP,NLP,16,05/21/2022 12:00:00 AM
2022-05-23T07-42-39,03885,CVS Store #00500,NLP,NLP,NLP,64,05/20/2022 12:00:00 AM
2022-05-23T07-42-39,03885,CONVENIENTMD STRATHAM,NLP,NLP,NLP,18,05/20/2022 12:00:00 AM
2022-05-23T07-42-39,03885,OSCO PHARMACY,NLP,NLP,NLP,16,05/21/2022 12:00:00 AM
2022-05-23T07-42-39,03885,CVS Store #00500,NLP,NLP,NLP,64,05/20/2022 12:00:00 AM
2022-05-23T07-42-39,03885,CONVENIENTMD STRATHAM,NLP,NLP,NLP,18,05/20/2022 12:00:00 AM
2022-05-23T07-42-39,03885,OSCO PHARMACY,NLP,NLP,NLP,16,05/21/2022 12:00:00 AM
2022-05-23T07-42-39,03885,CVS Store #00500,NLP,NLP,NLP,64,05/20/2022 12:00:00 AM
2022-05-23T07-42-39,03885,CONVENIENTMD STRATHAM,NLP,NLP,NLP,18,05/20/2022 12:00:00 AM
2022-05-23T07-42-39,03885,OSCO PHARMACY,NLP,NLP,NLP,16,05/21/2022 12:00:00 AM
2022-05-23T07-42-39,03885,CVS Store #00500,NLP,NLP,NLP,64,05/20/2022 12:00:00 AM
2022-05-23T07-42-39,03885,CONVENIENTMD STRATHAM,NLP,NLP,NLP,18,05/20/2022 12:00:00 AM
2022-05-23T07-42-39,03885,OSCO PHARMACY,NLP,NLP,NLP,16,05/21/2022 12:00:00 AM
2022-05-23T07-42-39,03885,CVS Store #00500,NLP,NLP,NLP,64,05/20/2022 12:00:00 AM
2022-05-23T07-42-39,03885,CONVENIENTMD STRATHAM,NLP,NLP,NLP,18,05/20/2022 12:00:00 AM
2022-05-23T07-42-39,03885,OSCO PHARMACY,NLP,NLP,NLP,16,05/21/2022 12:00:00 AM
2022-05-23T07-42-39,03885,CVS Store #00500,NLP,NLP,NLP,64,05/20/2022 12:00:00 AM
2022-05-23T07-42-39,03885,CONVENIENTMD STRATHAM,NLP,NLP,NLP,18,05/20/2022 12:00:00 AM
2022-05-23T07-42-39,03885,OSCO PHARMACY,NLP,NLP,NLP,16,05/21/2022 12:00:00 AM
2022-05-23T07-42-39,03885,CVS Store #00500,NLP,NLP,NLP,64,05/20/2022 12:00:00 AM
2022-05-23T07-42-39,03885,CONVENIENTMD STRATHAM,NLP,NLP,NLP,18,05/20/2022 12:00:00 AM
2022-05-23T07-42-39,03885,OSCO PHARMACY,NLP,NLP,NLP,16,05/21/2022 12:00:00 AM
2022-05-23T07-42-39,03885,CVS Store #00500,NLP,NLP,NLP,64,05/20/2022 12:00:00 AM
2022-05-23T07-42-39,03885,CONVENIENTMD STRATHAM,NLP,NLP,NLP,18,05/20/2022 12:00:00 AM
2022-05-23T07-42-39,03885,OSCO PHARMACY,NLP,NLP,NLP,16,05/21/2022 12:00:00 AM
2022-05-23T07-42-39,03885,CVS Store #00500,NLP,NLP,NLP,64,05/20/2022 12:00:00 AM
2022-05-23T07-42-39,03885,CONVENIENTMD STRATHAM,NLP,NLP,NLP,18,05/20/2022 12:00:00 AM
2022-05-23T07-42-39,03885,OSCO PHARMACY,NLP,NLP,NLP,16,05/21/2022 12:00:00 AM
2022-05-23T07-42-39,03885,CVS Store #00500,NLP,NLP,NLP,64,05/20/2022 12:00:00 AM
2022-05-23T07-42-39,03885,CONVENIENTMD STRATHAM,NLP,NLP,NLP,18,05/20/2022 12:00:00 AM
2022-05-23T07-42-39,03885,OSCO PHARMACY,NLP,NLP,NLP,16,05/21/2022 12:00:00 AM
2022-05-23T07-42-39,03885,CVS Store #00500,NLP,NLP,NLP,64,05/20/2022 12:00:00 AM
2022-05-23T07-42-39,03885,CONVENIENTMD STRATHAM,NLP,NLP,NLP,18,05/20/2022 12:00:00 AM
2022-05-23T07-42-39,03885,OSCO PHARMACY,NLP,NLP,NLP,16,05/21/2022 12:00:00 AM
2022-05-23T07-42-39,03885,CVS Store #00500,NLP,NLP,NLP,64,05/20/2022 12:00:00 AM
2022-05-23T07-42-39,03885,CONVENIENTMD STRATHAM,NLP,NLP,NLP,18,05/20/2022 12:00:00 AM
2022-05-23T07-42-39,03885,OSCO PHARMACY,NLP,NLP,NLP,16,05/21/2022 12:00:00 AM
2022-05-23T07-42-39,03885,CVS Store #00500,NLP,NLP,NLP,64,05/20/2022 12:00:00 AM
2022-05-24T05-46-03,03885,CONVENIENTMD STRATHAM,NLP,NLP,NLP,17,05/23/2022 12:00:00 AM
2022-05-24T05-46-03,03885,OSCO PHARMACY,NLP,NLP,NLP,16,05/23/2022 12:00:00 AM
2022-05-24T05-46-03,03885,CVS Store #00500,NLP,NLP,NLP,96,05/23/2022 12:00:00 AM
2022-05-24T05-46-03,03885,CONVENIENTMD STRATHAM,NLP,NLP,NLP,17,05/23/2022 12:00:00 AM
2022-05-24T05-46-03,03885,OSCO PHARMACY,NLP,NLP,NLP,16,05/23/2022 12:00:00 AM
2022-05-24T05-46-03,03885,CVS Store #00500,NLP,NLP,NLP,96,05/23/2022 12:00:00 AM
2022-05-24T05-46-03,03885,CONVENIENTMD STRATHAM,NLP,NLP,NLP,17,05/23/2022 12:00:00 AM
2022-05-24T05-46-03,03885,OSCO PHARMACY,NLP,NLP,NLP,16,05/23/2022 12:00:00 AM
2022-05-24T05-46-03,03885,CVS Store #00500,NLP,NLP,NLP,96,05/23/2022 12:00:00 AM
2022-05-24T05-46-03,03885,CONVENIENTMD STRATHAM,NLP,NLP,NLP,17,05/23/2022 12:00:00 AM
2022-05-24T05-46-03,03885,OSCO PHARMACY,NLP,NLP,NLP,16,05/23/2022 12:00:00 AM
2022-05-24T05-46-03,03885,CVS Store #00500,NLP,NLP,NLP,96,05/23/2022 12:00:00 AM
2022-05-24T05-46-03,03885,CONVENIENTMD STRATHAM,NLP,NLP,NLP,17,05/23/2022 12:00:00 AM
2022-05-24T05-46-03,03885,OSCO PHARMACY,NLP,NLP,NLP,16,05/23/2022 12:00:00 AM
2022-05-24T05-46-03,03885,CVS Store #00500,NLP,NLP,NLP,96,05/23/2022 12:00:00 AM
2022-05-24T05-46-03,03885,CONVENIENTMD STRATHAM,NLP,NLP,NLP,17,05/23/2022 12:00:00 AM
2022-05-24T05-46-03,03885,OSCO PHARMACY,NLP,NLP,NLP,16,05/23/2022 12:00:00 AM
2022-05-24T05-46-03,03885,CVS Store #00500,NLP,NLP,NLP,96,05/23/2022 12:00:00 AM
2022-05-24T05-46-03,03885,CONVENIENTMD STRATHAM,NLP,NLP,NLP,17,05/23/2022 12:00:00 AM
2022-05-24T05-46-03,03885,OSCO PHARMACY,NLP,NLP,NLP,16,05/23/2022 12:00:00 AM
2022-05-24T05-46-03,03885,CVS Store #00500,NLP,NLP,NLP,96,05/23/2022 12:00:00 AM
2022-05-24T05-46-03,03885,CONVENIENTMD STRATHAM,NLP,NLP,NLP,17,05/23/2022 12:00:00 AM
2022-05-24T05-46-03,03885,OSCO PHARMACY,NLP,NLP,NLP,16,05/23/2022 12:00:00 AM
2022-05-24T05-46-03,03885,CVS Store #00500,NLP,NLP,NLP,96,05/23/2022 12:00:00 AM
2022-05-24T05-46-03,03885,CONVENIENTMD STRATHAM,NLP,NLP,NLP,17,05/23/2022 12:00:00 AM
2022-05-24T05-46-03,03885,OSCO PHARMACY,NLP,NLP,NLP,16,05/23/2022 12:00:00 AM
2022-05-24T05-46-03,03885,CVS Store #00500,NLP,NLP,NLP,96,05/23/2022 12:00:00 AM
2022-05-24T05-46-03,03885,CONVENIENTMD STRATHAM,NLP,NLP,NLP,17,05/23/2022 12:00:00 AM
2022-05-24T05-46-03,03885,OSCO PHARMACY,NLP,NLP,NLP,16,05/23/2022 12:00:00 AM
2022-05-24T05-46-03,03885,CVS Store #00500,NLP,NLP,NLP,96,05/23/2022 12:00:00 AM
2022-05-24T05-46-03,03885,CONVENIENTMD STRATHAM,NLP,NLP,NLP,17,05/23/2022 12:00:00 AM
2022-05-24T05-46-03,03885,OSCO PHARMACY,NLP,NLP,NLP,16,05/23/2022 12:00:00 AM
2022-05-24T05-46-03,03885,CVS Store #00500,NLP,NLP,NLP,96,05/23/2022 12:00:00 AM
2022-05-24T05-46-03,03885,CONVENIENTMD STRATHAM,NLP,NLP,NLP,17,05/23/2022 12:00:00 AM
2022-05-24T05-46-03,03885,OSCO PHARMACY,NLP,NLP,NLP,16,05/23/2022 12:00:00 AM
2022-05-24T05-46-03,03885,CVS Store #00500,NLP,NLP,NLP,96,05/23/2022 12:00:00 AM
2022-05-24T05-46-03,03885,CONVENIENTMD STRATHAM,NLP,NLP,NLP,17,05/23/2022 12:00:00 AM
2022-05-24T05-46-03,03885,OSCO PHARMACY,NLP,NLP,NLP,16,05/23/2022 12:00:00 AM
2022-05-24T05-46-03,03885,CVS Store #00500,NLP,NLP,NLP,96,05/23/2022 12:00:00 AM
2022-05-24T05-46-03,03885,CONVENIENTMD STRATHAM,NLP,NLP,NLP,17,05/23/2022 12:00:00 AM
2022-05-24T05-46-03,03885,OSCO PHARMACY,NLP,NLP,NLP,16,05/23/2022 12:00:00 AM
2022-05-24T05-46-03,03885,CVS Store #00500,NLP,NLP,NLP,96,05/23/2022 12:00:00 AM
2022-05-24T05-46-03,03885,CONVENIENTMD STRATHAM,NLP,NLP,NLP,17,05/23/2022 12:00:00 AM
2022-05-24T05-46-03,03885,OSCO PHARMACY,NLP,NLP,NLP,16,05/23/2022 12:00:00 AM
2022-05-24T05-46-03,03885,CVS Store #00500,NLP,NLP,NLP,96,05/23/2022 12:00:00 AM
2022-05-24T05-46-03,03885,CONVENIENTMD STRATHAM,NLP,NLP,NLP,17,05/23/2022 12:00:00 AM
2022-05-24T05-46-03,03885,OSCO PHARMACY,NLP,NLP,NLP,16,05/23/2022 12:00:00 AM
2022-05-24T05-46-03,03885,CVS Store #00500,NLP,NLP,NLP,96,05/23/2022 12:00:00 AM
2022-05-24T05-46-03,03885,CONVENIENTMD STRATHAM,NLP,NLP,NLP,17,05/23/2022 12:00:00 AM
2022-05-24T05-46-03,03885,OSCO PHARMACY,NLP,NLP,NLP,16,05/23/2022 12:00:00 AM
2022-05-24T05-46-03,03885,CVS Store #00500,NLP,NLP,NLP,96,05/23/2022 12:00:00 AM
2022-05-24T05-46-03,03885,CONVENIENTMD STRATHAM,NLP,NLP,NLP,17,05/23/2022 12:00:00 AM
2022-05-24T05-46-03,03885,OSCO PHARMACY,NLP,NLP,NLP,16,05/23/2022 12:00:00 AM
2022-05-24T05-46-03,03885,CVS Store #00500,NLP,NLP,NLP,96,05/23/2022 12:00:00 AM
2022-05-24T05-46-03,03885,CONVENIENTMD STRATHAM,NLP,NLP,NLP,17,05/23/2022 12:00:00 AM
2022-05-24T05-46-03,03885,OSCO PHARMACY,NLP,NLP,NLP,16,05/23/2022 12:00:00 AM
2022-05-24T05-46-03,03885,CVS Store #00500,NLP,NLP,NLP,96,05/23/2022 12:00:00 AM
2022-05-24T05-46-03,03885,CONVENIENTMD STRATHAM,NLP,NLP,NLP,17,05/23/2022 12:00:00 AM
2022-05-24T05-46-03,03885,OSCO PHARMACY,NLP,NLP,NLP,16,05/23/2022 12:00:00 AM
2022-05-24T05-46-03,03885,CVS Store #00500,NLP,NLP,NLP,96,05/23/2022 12:00:00 AM
2022-05-24T05-46-03,03885,CONVENIENTMD STRATHAM,NLP,NLP,NLP,17,05/23/2022 12:00:00 AM
2022-05-24T05-46-03,03885,OSCO PHARMACY,NLP,NLP,NLP,16,05/23/2022 12:00:00 AM
2022-05-24T05-46-03,03885,CVS Store #00500,NLP,NLP,NLP,96,05/23/2022 12:00:00 AM
2022-05-24T05-46-03,03885,CONVENIENTMD STRATHAM,NLP,NLP,NLP,17,05/23/2022 12:00:00 AM
2022-05-24T05-46-03,03885,OSCO PHARMACY,NLP,NLP,NLP,16,05/23/2022 12:00:00 AM
2022-05-24T05-46-03,03885,CVS Store #00500,NLP,NLP,NLP,96,05/23/2022 12:00:00 AM
2022-05-25T05-39-27,03885,CONVENIENTMD STRATHAM,NLP,NLP,NLP,17,05/24/2022 12:00:00 AM
2022-05-25T05-39-27,03885,OSCO PHARMACY,NLP,NLP,NLP,16,05/24/2022 12:00:00 AM
2022-05-25T05-39-27,03885,CVS Store #00500,NLP,NLP,NLP,88,05/24/2022 12:00:00 AM
2022-05-25T05-39-27,03885,CONVENIENTMD STRATHAM,NLP,NLP,NLP,17,05/24/2022 12:00:00 AM
2022-05-25T05-39-27,03885,OSCO PHARMACY,NLP,NLP,NLP,16,05/24/2022 12:00:00 AM
2022-05-25T05-39-27,03885,CVS Store #00500,NLP,NLP,NLP,88,05/24/2022 12:00:00 AM
2022-05-25T05-39-27,03885,CONVENIENTMD STRATHAM,NLP,NLP,NLP,17,05/24/2022 12:00:00 AM
2022-05-25T05-39-27,03885,OSCO PHARMACY,NLP,NLP,NLP,16,05/24/2022 12:00:00 AM
2022-05-25T05-39-27,03885,CVS Store #00500,NLP,NLP,NLP,88,05/24/2022 12:00:00 AM
2022-05-25T05-39-27,03885,CONVENIENTMD STRATHAM,NLP,NLP,NLP,17,05/24/2022 12:00:00 AM
2022-05-25T05-39-27,03885,OSCO PHARMACY,NLP,NLP,NLP,16,05/24/2022 12:00:00 AM
2022-05-25T05-39-27,03885,CVS Store #00500,NLP,NLP,NLP,88,05/24/2022 12:00:00 AM
2022-05-25T05-39-27,03885,CONVENIENTMD STRATHAM,NLP,NLP,NLP,17,05/24/2022 12:00:00 AM
2022-05-25T05-39-27,03885,OSCO PHARMACY,NLP,NLP,NLP,16,05/24/2022 12:00:00 AM
2022-05-25T05-39-27,03885,CVS Store #00500,NLP,NLP,NLP,88,05/24/2022 12:00:00 AM
2022-05-25T05-39-27,03885,CONVENIENTMD STRATHAM,NLP,NLP,NLP,17,05/24/2022 12:00:00 AM
2022-05-25T05-39-27,03885,OSCO PHARMACY,NLP,NLP,NLP,16,05/24/2022 12:00:00 AM
2022-05-25T05-39-27,03885,CVS Store #00500,NLP,NLP,NLP,88,05/24/2022 12:00:00 AM
2022-05-25T05-39-27,03885,CONVENIENTMD STRATHAM,NLP,NLP,NLP,17,05/24/2022 12:00:00 AM
2022-05-25T05-39-27,03885,OSCO PHARMACY,NLP,NLP,NLP,16,05/24/2022 12:00:00 AM
2022-05-25T05-39-27,03885,CVS Store #00500,NLP,NLP,NLP,88,05/24/2022 12:00:00 AM
2022-05-25T05-39-27,03885,CONVENIENTMD STRATHAM,NLP,NLP,NLP,17,05/24/2022 12:00:00 AM
2022-05-25T05-39-27,03885,OSCO PHARMACY,NLP,NLP,NLP,16,05/24/2022 12:00:00 AM
2022-05-25T05-39-27,03885,CVS Store #00500,NLP,NLP,NLP,88,05/24/2022 12:00:00 AM
2022-05-25T05-39-27,03885,CONVENIENTMD STRATHAM,NLP,NLP,NLP,17,05/24/2022 12:00:00 AM
2022-05-25T05-39-27,03885,OSCO PHARMACY,NLP,NLP,NLP,16,05/24/2022 12:00:00 AM
2022-05-25T05-39-27,03885,CVS Store #00500,NLP,NLP,NLP,88,05/24/2022 12:00:00 AM
2022-05-25T05-39-27,03885,CONVENIENTMD STRATHAM,NLP,NLP,NLP,17,05/24/2022 12:00:00 AM
2022-05-25T05-39-27,03885,OSCO PHARMACY,NLP,NLP,NLP,16,05/24/2022 12:00:00 AM
2022-05-25T05-39-27,03885,CVS Store #00500,NLP,NLP,NLP,88,05/24/2022 12:00:00 AM
2022-05-25T05-39-27,03885,CONVENIENTMD STRATHAM,NLP,NLP,NLP,17,05/24/2022 12:00:00 AM
2022-05-25T05-39-27,03885,OSCO PHARMACY,NLP,NLP,NLP,16,05/24/2022 12:00:00 AM
2022-05-25T05-39-27,03885,CVS Store #00500,NLP,NLP,NLP,88,05/24/2022 12:00:00 AM
2022-05-25T05-39-27,03885,CONVENIENTMD STRATHAM,NLP,NLP,NLP,17,05/24/2022 12:00:00 AM
2022-05-25T05-39-27,03885,OSCO PHARMACY,NLP,NLP,NLP,16,05/24/2022 12:00:00 AM
2022-05-25T05-39-27,03885,CVS Store #00500,NLP,NLP,NLP,88,05/24/2022 12:00:00 AM
2022-05-25T05-39-27,03885,CONVENIENTMD STRATHAM,NLP,NLP,NLP,17,05/24/2022 12:00:00 AM
2022-05-25T05-39-27,03885,OSCO PHARMACY,NLP,NLP,NLP,16,05/24/2022 12:00:00 AM
2022-05-25T05-39-27,03885,CVS Store #00500,NLP,NLP,NLP,88,05/24/2022 12:00:00 AM
2022-05-25T05-39-27,03885,CONVENIENTMD STRATHAM,NLP,NLP,NLP,17,05/24/2022 12:00:00 AM
2022-05-25T05-39-27,03885,OSCO PHARMACY,NLP,NLP,NLP,16,05/24/2022 12:00:00 AM
2022-05-25T05-39-27,03885,CVS Store #00500,NLP,NLP,NLP,88,05/24/2022 12:00:00 AM
2022-05-25T05-39-27,03885,CONVENIENTMD STRATHAM,NLP,NLP,NLP,17,05/24/2022 12:00:00 AM
2022-05-25T05-39-27,03885,OSCO PHARMACY,NLP,NLP,NLP,16,05/24/2022 12:00:00 AM
2022-05-25T05-39-27,03885,CVS Store #00500,NLP,NLP,NLP,88,05/24/2022 12:00:00 AM
2022-05-25T05-39-27,03885,CONVENIENTMD STRATHAM,NLP,NLP,NLP,17,05/24/2022 12:00:00 AM
2022-05-25T05-39-27,03885,OSCO PHARMACY,NLP,NLP,NLP,16,05/24/2022 12:00:00 AM
2022-05-25T05-39-27,03885,CVS Store #00500,NLP,NLP,NLP,88,05/24/2022 12:00:00 AM
2022-05-25T05-39-27,03885,CONVENIENTMD STRATHAM,NLP,NLP,NLP,17,05/24/2022 12:00:00 AM
2022-05-25T05-39-27,03885,OSCO PHARMACY,NLP,NLP,NLP,16,05/24/2022 12:00:00 AM
2022-05-25T05-39-27,03885,CVS Store #00500,NLP,NLP,NLP,88,05/24/2022 12:00:00 AM
2022-05-25T05-39-27,03885,CONVENIENTMD STRATHAM,NLP,NLP,NLP,17,05/24/2022 12:00:00 AM
2022-05-25T05-39-27,03885,OSCO PHARMACY,NLP,NLP,NLP,16,05/24/2022 12:00:00 AM
2022-05-25T05-39-27,03885,CVS Store #00500,NLP,NLP,NLP,88,05/24/2022 12:00:00 AM
2022-05-25T05-39-27,03885,CONVENIENTMD STRATHAM,NLP,NLP,NLP,17,05/24/2022 12:00:00 AM
2022-05-25T05-39-27,03885,OSCO PHARMACY,NLP,NLP,NLP,16,05/24/2022 12:00:00 AM
2022-05-25T05-39-27,03885,CVS Store #00500,NLP,NLP,NLP,88,05/24/2022 12:00:00 AM
2022-05-25T05-39-27,03885,CONVENIENTMD STRATHAM,NLP,NLP,NLP,17,05/24/2022 12:00:00 AM
2022-05-25T05-39-27,03885,OSCO PHARMACY,NLP,NLP,NLP,16,05/24/2022 12:00:00 AM
2022-05-25T05-39-27,03885,CVS Store #00500,NLP,NLP,NLP,88,05/24/2022 12:00:00 AM
2022-05-25T05-39-27,03885,CONVENIENTMD STRATHAM,NLP,NLP,NLP,17,05/24/2022 12:00:00 AM
2022-05-25T05-39-27,03885,OSCO PHARMACY,NLP,NLP,NLP,16,05/24/2022 12:00:00 AM
2022-05-25T05-39-27,03885,CVS Store #00500,NLP,NLP,NLP,88,05/24/2022 12:00:00 AM
2022-05-25T05-39-27,03885,CONVENIENTMD STRATHAM,NLP,NLP,NLP,17,05/24/2022 12:00:00 AM
2022-05-25T05-39-27,03885,OSCO PHARMACY,NLP,NLP,NLP,16,05/24/2022 12:00:00 AM
2022-05-25T05-39-27,03885,CVS Store #00500,NLP,NLP,NLP,88,05/24/2022 12:00:00 AM
2022-05-25T05-39-27,03885,CONVENIENTMD STRATHAM,NLP,NLP,NLP,17,05/24/2022 12:00:00 AM
2022-05-25T05-39-27,03885,OSCO PHARMACY,NLP,NLP,NLP,16,05/24/2022 12:00:00 AM
2022-05-25T05-39-27,03885,CVS Store #00500,NLP,NLP,NLP,88,05/24/2022 12:00:00 AM
2022-05-25T05-39-27,03885,CONVENIENTMD STRATHAM,NLP,NLP,NLP,17,05/24/2022 12:00:00 AM
2022-05-25T05-39-27,03885,OSCO PHARMACY,NLP,NLP,NLP,16,05/24/2022 12:00:00 AM
2022-05-25T05-39-27,03885,CVS Store #00500,NLP,NLP,NLP,88,05/24/2022 12:00:00 AM
2022-05-25T05-39-27,03885,CONVENIENTMD STRATHAM,NLP,NLP,NLP,17,05/24/2022 12:00:00 AM
2022-05-25T05-39-27,03885,OSCO PHARMACY,NLP,NLP,NLP,16,05/24/2022 12:00:00 AM
2022-05-25T05-39-27,03885,CVS Store #00500,NLP,NLP,NLP,88,05/24/2022 12:00:00 AM
2022-05-26T07-59-29,03885,CONVENIENTMD STRATHAM,NLP,NLP,NLP,17,05/25/2022 12:00:00 AM
2022-05-26T07-59-29,03885,OSCO PHARMACY,NLP,NLP,NLP,16,05/25/2022 12:00:00 AM
2022-05-26T07-59-29,03885,CVS Store #00500,NLP,NLP,NLP,88,05/24/2022 12:00:00 AM
2022-05-26T07-59-29,03885,CONVENIENTMD STRATHAM,NLP,NLP,NLP,17,05/25/2022 12:00:00 AM
2022-05-26T07-59-29,03885,OSCO PHARMACY,NLP,NLP,NLP,16,05/25/2022 12:00:00 AM
2022-05-26T07-59-29,03885,CVS Store #00500,NLP,NLP,NLP,88,05/24/2022 12:00:00 AM
2022-05-26T07-59-29,03885,CONVENIENTMD STRATHAM,NLP,NLP,NLP,17,05/25/2022 12:00:00 AM
2022-05-26T07-59-29,03885,OSCO PHARMACY,NLP,NLP,NLP,16,05/25/2022 12:00:00 AM
2022-05-26T07-59-29,03885,CVS Store #00500,NLP,NLP,NLP,88,05/24/2022 12:00:00 AM
2022-05-27T05-48-57,03885,CONVENIENTMD STRATHAM,NLP,NLP,NLP,17,05/26/2022 12:00:00 AM
2022-05-27T05-48-57,03885,OSCO PHARMACY,NLP,NLP,NLP,16,05/26/2022 12:00:00 AM
2022-05-27T05-48-57,03885,CVS Store #00500,NLP,NLP,NLP,82,05/26/2022 12:00:00 AM
2022-05-28T05-34-18,03885,CONVENIENTMD STRATHAM,NLP,NLP,NLP,16,05/27/2022 12:00:00 AM
2022-05-28T05-34-18,03885,OSCO PHARMACY,NLP,NLP,NLP,16,05/27/2022 12:00:00 AM
2022-05-28T05-34-18,03885,CVS Store #00500,NLP,NLP,NLP,78,05/27/2022 12:00:00 AM
2022-05-29T05-31-58,03885,CONVENIENTMD STRATHAM,NLP,NLP,NLP,16,05/27/2022 12:00:00 AM
2022-05-29T05-31-58,03885,OSCO PHARMACY,NLP,NLP,NLP,16,05/27/2022 12:00:00 AM
2022-05-29T05-31-58,03885,CVS Store #00500,NLP,NLP,NLP,78,05/27/2022 12:00:00 AM
2022-05-30T05-32-42,03885,CONVENIENTMD STRATHAM,NLP,NLP,NLP,16,05/27/2022 12:00:00 AM
2022-05-30T05-32-42,03885,OSCO PHARMACY,NLP,NLP,NLP,16,05/29/2022 12:00:00 AM
2022-05-30T05-32-42,03885,CVS Store #00500,NLP,NLP,NLP,78,05/27/2022 12:00:00 AM
2022-05-31T08-56-01,03885,CONVENIENTMD STRATHAM,NLP,NLP,NLP,16,05/27/2022 12:00:00 AM
2022-05-31T08-56-01,03885,OSCO PHARMACY,NLP,NLP,NLP,16,05/30/2022 12:00:00 AM
2022-05-31T08-56-01,03885,CVS Store #00500,NLP,NLP,NLP,78,05/27/2022 12:00:00 AM
2022-06-01T05-37-50,03885,CONVENIENTMD STRATHAM,NLP,NLP,NLP,16,05/31/2022 12:00:00 AM
2022-06-01T05-37-50,03885,OSCO PHARMACY,NLP,NLP,NLP,16,05/30/2022 12:00:00 AM
2022-06-01T05-37-50,03885,CVS Store #00500,NLP,NLP,NLP,96,05/31/2022 12:00:00 AM
2022-06-02T07-54-10,03885,CONVENIENTMD STRATHAM,NLP,NLP,NLP,16,06/01/2022 12:00:00 AM
2022-06-02T07-54-10,03885,OSCO PHARMACY,NLP,NLP,NLP,16,06/02/2022 12:00:00 AM
2022-06-02T07-54-10,03885,CVS Store #00500,NLP,NLP,NLP,96,05/31/2022 12:00:00 AM
2022-06-03T08-50-11,03885,CONVENIENTMD STRATHAM,NLP,NLP,NLP,16,06/01/2022 12:00:00 AM
2022-06-03T08-50-11,03885,OSCO PHARMACY,NLP,NLP,NLP,16,06/02/2022 12:00:00 AM
2022-06-03T08-50-11,03885,CVS Store #00500,NLP,NLP,NLP,96,05/31/2022 12:00:00 AM
2022-06-04T19-11-08,03885,CVS Store #00500,NLP,NLP,NLP,94,06/03/2022 12:00:00 AM
2022-06-04T19-11-08,03885,OSCO PHARMACY,NLP,NLP,NLP,16,06/03/2022 12:00:00 AM
2022-06-04T19-11-08,03885,CONVENIENTMD STRATHAM,NLP,NLP,NLP,16,06/03/2022 12:00:00 AM
2022-06-05T08-48-25,03885,OSCO PHARMACY,NLP,NLP,NLP,15,06/04/2022 12:00:00 AM
2022-06-05T08-48-25,03885,CONVENIENTMD STRATHAM,NLP,NLP,NLP,16,06/03/2022 12:00:00 AM
2022-06-05T08-48-25,03885,CVS Store #00500,NLP,NLP,NLP,94,06/03/2022 12:00:00 AM
2022-06-06T06-32-51,03885,CVS Store #00500,NLP,NLP,NLP,94,06/03/2022 12:00:00 AM
2022-06-06T06-32-51,03885,OSCO PHARMACY,NLP,NLP,NLP,15,06/05/2022 12:00:00 AM
2022-06-06T06-32-51,03885,CONVENIENTMD STRATHAM,NLP,NLP,NLP,16,06/03/2022 12:00:00 AM
2022-06-07T05-36-41,03885,OSCO PHARMACY,NLP,NLP,NLP,15,06/06/2022 12:00:00 AM
2022-06-07T05-36-41,03885,CONVENIENTMD STRATHAM,NLP,NLP,NLP,16,06/06/2022 12:00:00 AM
2022-06-07T05-36-41,03885,CVS Store #00500,NLP,NLP,NLP,91,06/06/2022 12:00:00 AM
2022-06-08T05-42-02,03885,OSCO PHARMACY,NLP,NLP,NLP,16,06/07/2022 12:00:00 AM
2022-06-08T05-42-02,03885,CONVENIENTMD STRATHAM,NLP,NLP,NLP,16,06/07/2022 12:00:00 AM
2022-06-08T05-42-02,03885,CVS Store #00500,NLP,NLP,NLP,90,06/07/2022 12:00:00 AM
2022-06-09T04-15-20,03885,CONVENIENTMD STRATHAM,NLP,NLP,NLP,16,06/08/2022 12:00:00 AM
2022-06-09T04-15-20,03885,OSCO PHARMACY,NLP,NLP,NLP,15,06/08/2022 12:00:00 AM
2022-06-09T04-15-20,03885,CVS Store #00500,NLP,NLP,NLP,89,06/08/2022 12:00:00 AM
2022-06-10T04-15-36,03885,CONVENIENTMD STRATHAM,NLP,NLP,NLP,16,06/09/2022 12:00:00 AM
2022-06-10T04-15-36,03885,OSCO PHARMACY,NLP,NLP,NLP,15,06/09/2022 12:00:00 AM
2022-06-10T04-15-36,03885,CVS Store #00500,NLP,NLP,NLP,89,06/09/2022 12:00:00 AM
2022-06-11T04-15-14,03885,OSCO PHARMACY,NLP,NLP,NLP,16,06/10/2022 12:00:00 AM
2022-06-11T04-15-14,03885,CONVENIENTMD STRATHAM,NLP,NLP,NLP,16,06/10/2022 12:00:00 AM
2022-06-11T04-15-14,03885,CVS Store #00500,NLP,NLP,NLP,87,06/10/2022 12:00:00 AM
2022-06-12T04-15-15,03885,CONVENIENTMD STRATHAM,NLP,NLP,NLP,16,06/10/2022 12:00:00 AM
2022-06-12T04-15-15,03885,OSCO PHARMACY,NLP,NLP,NLP,16,06/10/2022 12:00:00 AM
2022-06-12T04-15-15,03885,CVS Store #00500,NLP,NLP,NLP,87,06/10/2022 12:00:00 AM
2022-06-13T04-15-40,03885,OSCO PHARMACY,NLP,NLP,NLP,16,06/12/2022 12:00:00 AM
2022-06-13T04-15-40,03885,CONVENIENTMD STRATHAM,NLP,NLP,NLP,16,06/10/2022 12:00:00 AM
2022-06-13T04-15-40,03885,CVS Store #00500,NLP,NLP,NLP,87,06/10/2022 12:00:00 AM
2022-06-14T04-15-16,03885,OSCO PHARMACY,NLP,NLP,NLP,16,06/14/2022 12:00:00 AM
2022-06-14T04-15-16,03885,CONVENIENTMD STRATHAM,NLP,NLP,NLP,12,06/13/2022 12:00:00 AM
2022-06-14T04-15-16,03885,CVS Store #00500,NLP,NLP,NLP,86,06/13/2022 12:00:00 AM
2022-06-15T04-15-27,03885,CVS Store #00500,NLP,NLP,NLP,86,06/14/2022 12:00:00 AM
2022-06-15T04-15-27,03885,OSCO PHARMACY,NLP,NLP,NLP,16,06/14/2022 12:00:00 AM
2022-06-15T04-15-27,03885,CONVENIENTMD STRATHAM,NLP,NLP,NLP,12,06/14/2022 12:00:00 AM
2022-06-16T04-15-45,03885,OSCO PHARMACY,NLP,NLP,NLP,16,06/15/2022 12:00:00 AM
2022-06-16T04-15-45,03885,CVS Store #00500,NLP,NLP,NLP,86,06/14/2022 12:00:00 AM
2022-06-16T04-15-45,03885,CONVENIENTMD STRATHAM,NLP,NLP,NLP,12,06/15/2022 12:00:00 AM
2022-06-17T04-15-27,03885,OSCO PHARMACY,NLP,NLP,NLP,16,06/16/2022 12:00:00 AM
2022-06-17T04-15-27,03885,CONVENIENTMD STRATHAM,NLP,NLP,NLP,12,06/15/2022 12:00:00 AM
2022-06-17T04-15-27,03885,CVS Store #00500,NLP,NLP,NLP,78,06/16/2022 12:00:00 AM
2022-06-18T04-15-18,03885,OSCO PHARMACY,NLP,NLP,NLP,16,06/17/2022 12:00:00 AM
2022-06-18T04-15-18,03885,CONVENIENTMD STRATHAM,NLP,NLP,NLP,12,06/17/2022 12:00:00 AM
2022-06-18T04-15-18,03885,CVS Store #00500,NLP,NLP,NLP,76,06/17/2022 12:00:00 AM
2022-06-19T04-15-29,03885,CONVENIENTMD STRATHAM,NLP,NLP,NLP,12,06/17/2022 12:00:00 AM
2022-06-19T04-15-29,03885,OSCO PHARMACY,NLP,NLP,NLP,16,06/17/2022 12:00:00 AM
2022-06-19T04-15-29,03885,CVS Store #00500,NLP,NLP,NLP,76,06/17/2022 12:00:00 AM
2022-06-20T04-15-58,03885,OSCO PHARMACY,NLP,NLP,NLP,16,06/17/2022 12:00:00 AM
2022-06-20T04-15-58,03885,CVS Store #00500,NLP,NLP,NLP,76,06/17/2022 12:00:00 AM
2022-06-20T04-15-58,03885,CONVENIENTMD STRATHAM,NLP,NLP,NLP,12,06/17/2022 12:00:00 AM
2022-06-21T04-15-35,03885,OSCO PHARMACY,NLP,NLP,NLP,16,06/17/2022 12:00:00 AM
2022-06-21T04-15-35,03885,CVS Store #00500,NLP,NLP,NLP,74,06/20/2022 12:00:00 AM
2022-06-21T04-15-35,03885,CONVENIENTMD STRATHAM,NLP,NLP,NLP,12,06/20/2022 12:00:00 AM
2022-06-22T04-15-20,03885,OSCO PHARMACY,NLP,NLP,NLP,16,06/21/2022 12:00:00 AM
2022-06-22T04-15-20,03885,CONVENIENTMD STRATHAM,NLP,NLP,NLP,8,06/21/2022 12:00:00 AM
2022-06-22T04-15-20,03885,CVS Store #00500,NLP,NLP,NLP,74,06/20/2022 12:00:00 AM
2022-06-23T04-15-16,03885,CVS Store #00500,NLP,NLP,NLP,71,06/22/2022 12:00:00 AM
2022-06-23T04-15-16,03885,OSCO PHARMACY,NLP,NLP,NLP,14,06/22/2022 12:00:00 AM
2022-06-23T04-15-16,03885,CONVENIENTMD STRATHAM,NLP,NLP,NLP,8,06/22/2022 12:00:00 AM
2022-06-24T04-15-26,03885,OSCO PHARMACY,NLP,NLP,NLP,14,06/23/2022 12:00:00 AM
2022-06-24T04-15-26,03885,CONVENIENTMD STRATHAM,NLP,NLP,NLP,8,06/23/2022 12:00:00 AM
2022-06-24T04-15-26,03885,CVS Store #00500,NLP,NLP,NLP,69,06/23/2022 12:00:00 AM
2022-06-25T04-15-18,03885,OSCO PHARMACY,NLP,NLP,NLP,14,06/24/2022 12:00:00 AM
2022-06-25T04-15-18,03885,CONVENIENTMD STRATHAM,NLP,NLP,NLP,6,06/24/2022 12:00:00 AM
2022-06-25T04-15-18,03885,CVS Store #00500,NLP,NLP,NLP,67,06/24/2022 12:00:00 AM
2022-06-26T04-15-17,03885,OSCO PHARMACY,NLP,NLP,NLP,14,06/24/2022 12:00:00 AM
2022-06-26T04-15-17,03885,CONVENIENTMD STRATHAM,NLP,NLP,NLP,6,06/24/2022 12:00:00 AM
2022-06-26T04-15-17,03885,CVS Store #00500,NLP,NLP,NLP,67,06/24/2022 12:00:00 AM
2022-06-27T04-15-31,03885,OSCO PHARMACY,NLP,NLP,NLP,14,06/27/2022 12:00:00 AM
2022-06-27T04-15-31,03885,CONVENIENTMD STRATHAM,NLP,NLP,NLP,6,06/24/2022 12:00:00 AM
2022-06-27T04-15-31,03885,CVS Store #00500,NLP,NLP,NLP,67,06/24/2022 12:00:00 AM
2022-06-28T04-15-44,03885,CVS Store #00500,NLP,NLP,NLP,58,06/27/2022 12:00:00 AM
2022-06-28T04-15-44,03885,OSCO PHARMACY,NLP,NLP,NLP,14,06/27/2022 12:00:00 AM
2022-06-28T04-15-44,03885,CONVENIENTMD STRATHAM,NLP,NLP,NLP,5,06/27/2022 12:00:00 AM
2022-06-29T04-15-40,03885,OSCO PHARMACY,NLP,NLP,NLP,14,06/28/2022 12:00:00 AM
2022-06-29T04-15-40,03885,CONVENIENTMD STRATHAM,NLP,NLP,NLP,5,06/28/2022 12:00:00 AM
2022-06-29T04-15-40,03885,CVS Store #00500,NLP,NLP,NLP,56,06/28/2022 12:00:00 AM
2022-06-30T04-15-32,03885,CONVENIENTMD STRATHAM,NLP,NLP,NLP,5,06/29/2022 12:00:00 AM
2022-06-30T04-15-32,03885,OSCO PHARMACY,NLP,NLP,NLP,14,06/29/2022 12:00:00 AM
2022-06-30T04-15-32,03885,CVS Store #00500,NLP,NLP,NLP,54,06/29/2022 12:00:00 AM
2022-07-01T04-15-22,03885,CONVENIENTMD STRATHAM,NLP,NLP,NLP,24,06/30/2022 12:00:00 AM
2022-07-01T04-15-22,03885,OSCO PHARMACY,NLP,NLP,NLP,14,06/30/2022 12:00:00 AM
2022-07-01T04-15-22,03885,CVS Store #00500,NLP,NLP,NLP,54,06/30/2022 12:00:00 AM
2022-07-03T14-40-38,03885,CVS Store #00500,NLP,NLP,NLP,55,07/01/2022 12:00:00 AM
2022-07-03T14-40-38,03885,CONVENIENTMD STRATHAM,NLP,NLP,NLP,24,07/01/2022 12:00:00 AM
2022-07-03T14-40-38,03885,OSCO PHARMACY,NLP,NLP,NLP,14,07/01/2022 12:00:00 AM
2022-07-04T04-15-29,03885,CVS Store #00500,NLP,NLP,NLP,55,07/01/2022 12:00:00 AM
2022-07-04T04-15-29,03885,OSCO PHARMACY,NLP,NLP,NLP,14,07/03/2022 12:00:00 AM
2022-07-04T04-15-29,03885,CONVENIENTMD STRATHAM,NLP,NLP,NLP,24,07/01/2022 12:00:00 AM
2022-07-05T04-15-18,03885,CVS Store #00500,NLP,NLP,NLP,55,07/01/2022 12:00:00 AM
2022-07-05T04-15-18,03885,CONVENIENTMD STRATHAM,NLP,NLP,NLP,24,07/01/2022 12:00:00 AM
2022-07-05T04-15-18,03885,OSCO PHARMACY,NLP,NLP,NLP,14,07/04/2022 12:00:00 AM
2022-07-06T04-15-19,03885,OSCO PHARMACY,NLP,NLP,NLP,14,07/05/2022 12:00:00 AM
2022-07-06T04-15-19,03885,CVS Store #00500,NLP,NLP,NLP,52,07/05/2022 12:00:00 AM
2022-07-06T04-15-19,03885,CONVENIENTMD STRATHAM,NLP,NLP,NLP,16,07/05/2022 12:00:00 AM
2022-07-07T04-15-17,03885,OSCO PHARMACY,NLP,NLP,NLP,14,07/05/2022 12:00:00 AM
2022-07-07T04-15-17,03885,CONVENIENTMD STRATHAM,NLP,NLP,NLP,15,07/06/2022 12:00:00 AM
2022-07-07T04-15-17,03885,CVS Store #00500,NLP,NLP,NLP,48,07/06/2022 12:00:00 AM
2022-07-07T13-15-18,03885,OSCO PHARMACY,NLP,NLP,NLP,14,07/05/2022 12:00:00 AM
2022-07-07T13-15-18,03885,CONVENIENTMD STRATHAM,NLP,NLP,NLP,15,07/06/2022 12:00:00 AM
2022-07-07T13-15-18,03885,CVS Store #00500,NLP,NLP,NLP,48,07/06/2022 12:00:00 AM
2022-07-08T04-15-19,03885,CVS Store #00500,NLP,NLP,NLP,47,07/07/2022 12:00:00 AM
2022-07-08T04-15-19,03885,OSCO PHARMACY,NLP,NLP,NLP,13,07/07/2022 12:00:00 AM
2022-07-08T04-15-19,03885,CONVENIENTMD STRATHAM,NLP,NLP,NLP,14,07/07/2022 12:00:00 AM
2022-07-09T04-15-19,03885,CVS Store #00500,NLP,NLP,NLP,45,07/08/2022 12:00:00 AM
2022-07-09T04-15-19,03885,OSCO PHARMACY,NLP,NLP,NLP,13,07/08/2022 12:00:00 AM
2022-07-09T04-15-19,03885,CONVENIENTMD STRATHAM,NLP,NLP,NLP,14,07/08/2022 12:00:00 AM
2022-07-10T04-15-26,03885,CVS Store #00500,NLP,NLP,NLP,45,07/08/2022 12:00:00 AM
2022-07-10T04-15-26,03885,OSCO PHARMACY,NLP,NLP,NLP,12,07/09/2022 12:00:00 AM
2022-07-10T04-15-26,03885,CONVENIENTMD STRATHAM,NLP,NLP,NLP,14,07/08/2022 12:00:00 AM
2022-07-11T04-15-25,03885,CVS Store #00500,NLP,NLP,NLP,45,07/08/2022 12:00:00 AM
2022-07-11T04-15-25,03885,OSCO PHARMACY,NLP,NLP,NLP,12,07/11/2022 12:00:00 AM
2022-07-11T04-15-25,03885,CONVENIENTMD STRATHAM,NLP,NLP,NLP,14,07/08/2022 12:00:00 AM
2022-07-12T04-15-22,03885,CVS Store #00500,NLP,NLP,NLP,41,07/11/2022 12:00:00 AM
2022-07-12T04-15-22,03885,OSCO PHARMACY,NLP,NLP,NLP,12,07/11/2022 12:00:00 AM
2022-07-12T04-15-22,03885,CONVENIENTMD STRATHAM,NLP,NLP,NLP,11,07/11/2022 12:00:00 AM
2022-07-13T04-15-22,03885,CVS Store #00500,NLP,NLP,NLP,40,07/12/2022 12:00:00 AM
2022-07-13T04-15-22,03885,OSCO PHARMACY,NLP,NLP,NLP,12,07/12/2022 12:00:00 AM
2022-07-13T04-15-22,03885,CONVENIENTMD STRATHAM,NLP,NLP,NLP,11,07/11/2022 12:00:00 AM
2022-07-14T04-15-29,03885,CONVENIENTMD STRATHAM,NLP,NLP,NLP,11,07/11/2022 12:00:00 AM
2022-07-14T04-15-29,03885,OSCO PHARMACY,NLP,NLP,NLP,12,07/13/2022 12:00:00 AM
2022-07-14T04-15-29,03885,CVS Store #00500,NLP,NLP,NLP,35,07/13/2022 12:00:00 AM
2022-07-15T04-15-46,03885,CONVENIENTMD STRATHAM,NLP,NLP,NLP,10,07/14/2022 12:00:00 AM
2022-07-15T04-15-46,03885,OSCO PHARMACY,NLP,NLP,NLP,12,07/14/2022 12:00:00 AM
2022-07-15T04-15-46,03885,CVS Store #00500,NLP,NLP,NLP,34,07/14/2022 12:00:00 AM
2022-07-17T04-15-18,03885,CVS Store #00500,NLP,NLP,NLP,31,07/15/2022 12:00:00 AM
2022-07-17T04-15-18,03885,OSCO PHARMACY,NLP,NLP,NLP,12,07/16/2022 12:00:00 AM
2022-07-17T04-15-18,03885,CONVENIENTMD STRATHAM,NLP,NLP,NLP,10,07/15/2022 12:00:00 AM
2022-07-18T04-15-21,03885,CVS Store #00500,NLP,NLP,NLP,31,07/15/2022 12:00:00 AM
2022-07-18T04-15-21,03885,OSCO PHARMACY,NLP,NLP,NLP,12,07/17/2022 12:00:00 AM
2022-07-18T04-15-21,03885,CONVENIENTMD STRATHAM,NLP,NLP,NLP,10,07/15/2022 12:00:00 AM
2022-07-18T07-55-19,03885,CVS Store #00500,NLP,NLP,NLP,31,07/15/2022 12:00:00 AM
2022-07-18T07-55-19,03885,OSCO PHARMACY,NLP,NLP,NLP,12,07/15/2022 12:00:00 AM
2022-07-18T07-55-19,03885,CONVENIENTMD STRATHAM,NLP,NLP,NLP,10,07/15/2022 12:00:00 AM
2022-07-19T04-15-25,03885,CONVENIENTMD STRATHAM,NLP,NLP,NLP,10,07/15/2022 12:00:00 AM
2022-07-19T04-15-25,03885,OSCO PHARMACY,NLP,NLP,NLP,12,07/17/2022 12:00:00 AM
2022-07-19T04-15-25,03885,CVS Store #00500,NLP,NLP,NLP,26,07/18/2022 12:00:00 AM
2022-07-20T04-15-41,03885,CVS Store #00500,NLP,NLP,NLP,26,07/18/2022 12:00:00 AM
2022-07-20T04-15-41,03885,OSCO PHARMACY,NLP,NLP,NLP,12,07/19/2022 12:00:00 AM
2022-07-20T04-15-41,03885,CONVENIENTMD STRATHAM,NLP,NLP,NLP,4,07/19/2022 12:00:00 AM
2022-07-21T04-15-40,03885,CVS Store #00500,NLP,NLP,NLP,26,07/18/2022 12:00:00 AM
2022-07-21T04-15-40,03885,OSCO PHARMACY,NLP,NLP,NLP,12,07/20/2022 12:00:00 AM
2022-07-21T04-15-40,03885,CONVENIENTMD STRATHAM,NLP,NLP,NLP,4,07/20/2022 12:00:00 AM
2022-07-22T04-15-29,03885,CVS Store #00500,NLP,NLP,NLP,19,07/21/2022 12:00:00 AM
2022-07-22T04-15-29,03885,CONVENIENTMD STRATHAM,NLP,NLP,NLP,3,07/21/2022 12:00:00 AM
2022-07-22T04-15-29,03885,OSCO PHARMACY,NLP,NLP,NLP,12,07/21/2022 12:00:00 AM
2022-07-23T04-15-20,03885,CONVENIENTMD STRATHAM,NLP,NLP,NLP,3,07/22/2022 12:00:00 AM
2022-07-23T04-15-20,03885,OSCO PHARMACY,NLP,NLP,NLP,12,07/22/2022 12:00:00 AM
2022-07-23T04-15-20,03885,CVS Store #00500,NLP,NLP,NLP,38,07/22/2022 12:00:00 AM
2022-07-24T04-15-21,03885,OSCO PHARMACY,NLP,NLP,NLP,12,07/23/2022 12:00:00 AM
2022-07-24T04-15-21,03885,CONVENIENTMD STRATHAM,NLP,NLP,NLP,3,07/22/2022 12:00:00 AM
2022-07-24T04-15-21,03885,CVS Store #00500,NLP,NLP,NLP,38,07/22/2022 12:00:00 AM
