2021-12-28T13-50-20,35405,Walmart Pharmacy #5256,12/24/2021 12:00:00 AM,,,,
2021-12-28T15-07-00,35405,Walmart Pharmacy #5256,12/24/2021 12:00:00 AM,,,,
2021-12-29T09-02-14,35405,Walmart Pharmacy #5256,12/24/2021 12:00:00 AM,,,,
2021-12-30T09-20-52,35405,Walmart Pharmacy #5256,12/24/2021 12:00:00 AM,12/27/2021 12:00:00 AM,,,
2022-01-03T16-32-58,35405,Walmart Pharmacy #5256,12/24/2021 12:00:00 AM,12/29/2021 12:00:00 AM,20,,
2022-01-04T16-56-44,35405,Walmart Pharmacy #5256,12/24/2021 12:00:00 AM,12/29/2021 12:00:00 AM,20,,
2022-01-04T18-34-57,35405,Walmart Pharmacy #5256,12/24/2021 12:00:00 AM,12/29/2021 12:00:00 AM,20,,
2022-01-05T18-07-41,35405,Walmart Pharmacy #5256,12/24/2021 12:00:00 AM,12/29/2021 12:00:00 AM,20,,
2022-01-07T08-09-36,35405,Walmart Pharmacy #5256,12/24/2021 12:00:00 AM,,20,,
2022-01-10T10-10-35,35405,Walmart Pharmacy #5256,12/24/2021 12:00:00 AM,12/29/2021 12:00:00 AM,20,1,01/07/2022 12:00:00 AM
2022-01-11T08-35-31,35405,Walmart Pharmacy #5256,12/24/2021 12:00:00 AM,12/29/2021 12:00:00 AM,20,0,01/08/2022 12:00:00 AM
2022-01-12T08-07-48,35405,Walmart Pharmacy #5256,12/24/2021 12:00:00 AM,12/29/2021 12:00:00 AM,20,0,01/08/2022 12:00:00 AM
2022-01-13T10-07-11,35405,Walmart Pharmacy #5256,01/12/2022 12:00:00 AM,,40,0,01/08/2022 12:00:00 AM
2022-01-14T15-37-26,35405,Walmart Pharmacy #5256,01/12/2022 12:00:00 AM,,40,1,01/14/2022 12:00:00 AM
2022-01-19T08-05-28,35405,Walmart Pharmacy #5256,01/12/2022 12:00:00 AM,01/14/2022 12:00:00 AM,40,19,01/18/2022 12:00:00 AM
2022-01-21T18-08-01,35405,Walmart Pharmacy #5256,01/12/2022 12:00:00 AM,12/29/2021 12:00:00 AM,40,18,01/19/2022 12:00:00 AM
2022-01-24T09-15-30,35405,Walmart Pharmacy #5256,01/12/2022 12:00:00 AM,12/29/2021 12:00:00 AM,40,8,01/20/2022 12:00:00 AM
2022-01-25T09-23-26,35405,Walmart Pharmacy #5256,01/12/2022 12:00:00 AM,01/14/2022 12:00:00 AM,60,0,01/24/2022 12:00:00 AM
2022-01-26T07-35-52,35405,Walmart Pharmacy #5256,01/12/2022 12:00:00 AM,01/14/2022 12:00:00 AM,60,0,01/24/2022 12:00:00 AM
2022-01-27T14-49-32,35405,Walmart Pharmacy #5256,01/12/2022 12:00:00 AM,01/14/2022 12:00:00 AM,60,0,01/26/2022 12:00:00 AM
2022-01-28T09-28-02,35405,Walmart Pharmacy #5256,01/12/2022 12:00:00 AM,01/14/2022 12:00:00 AM,60,0,01/26/2022 12:00:00 AM
2022-01-28T13-55-27,35405,Walmart Pharmacy #5256,01/12/2022 12:00:00 AM,01/14/2022 12:00:00 AM,60,0,01/26/2022 12:00:00 AM
2022-01-28T14-38-48,35405,Walmart Pharmacy #5256,01/12/2022 12:00:00 AM,01/14/2022 12:00:00 AM,60,0,01/26/2022 12:00:00 AM
2022-01-28T15-43-02,35405,Walmart Pharmacy #5256,01/12/2022 12:00:00 AM,01/14/2022 12:00:00 AM,60,0,01/26/2022 12:00:00 AM
2022-01-28T17-11-19,35405,Walmart Pharmacy #5256,01/27/2022 12:00:00 AM,01/14/2022 12:00:00 AM,80,0,01/26/2022 12:00:00 AM
2022-02-01T09-23-15,35405,Walmart Pharmacy #5256,01/27/2022 12:00:00 AM,01/14/2022 12:00:00 AM,80,0,01/26/2022 12:00:00 AM
2022-02-04T09-14-55,35405,Walmart Pharmacy #5256,01/27/2022 12:00:00 AM,02/01/2022 12:00:00 AM,60,19,02/02/2022 12:00:00 AM
2022-02-07T09-54-34,35405,Walmart Pharmacy #5256,01/27/2022 12:00:00 AM,02/01/2022 12:00:00 AM,60,10,02/04/2022 12:00:00 AM
2022-02-09T09-41-46,35405,Walmart Pharmacy #5256,01/27/2022 12:00:00 AM,02/01/2022 12:00:00 AM,60,10,02/04/2022 12:00:00 AM
2022-02-10T21-04-53,35405,Walmart Pharmacy #5256,01/27/2022 12:00:00 AM,02/01/2022 12:00:00 AM,60,7,02/09/2022 12:00:00 AM
2022-02-14T09-23-55,35405,Walmart Pharmacy #5256,01/27/2022 12:00:00 AM,02/01/2022 12:00:00 AM,60,3,02/11/2022 12:00:00 AM
2022-02-15T10-17-36,35405,Walmart Pharmacy #5256,01/27/2022 12:00:00 AM,02/01/2022 12:00:00 AM,60,3,02/11/2022 12:00:00 AM
2022-02-16T08-11-48,35405,Walmart Pharmacy #5256,02/12/2022 12:00:00 AM,02/01/2022 12:00:00 AM,80,2,02/14/2022 12:00:00 AM
2022-02-16T08-23-53,35405,Walmart Pharmacy #5256,02/12/2022 12:00:00 AM,02/01/2022 12:00:00 AM,80,2,02/15/2022 12:00:00 AM
2022-02-16T18-37-01,35405,Walmart Pharmacy #5256,02/12/2022 12:00:00 AM,02/15/2022 12:00:00 AM,80,2,02/15/2022 12:00:00 AM
2022-02-16T18-37-01,35405,Walmart Pharmacy #715,02/12/2022 12:00:00 AM,02/15/2022 12:00:00 AM,20,,
2022-02-18T15-54-16,35405,Walmart Pharmacy #5256,02/12/2022 12:00:00 AM,02/15/2022 12:00:00 AM,80,2,02/15/2022 12:00:00 AM
2022-02-18T15-54-16,35405,Walmart Pharmacy #715,02/12/2022 12:00:00 AM,02/15/2022 12:00:00 AM,20,,
2022-02-18T16-04-21,35405,Walmart Pharmacy #5256,02/12/2022 12:00:00 AM,02/15/2022 12:00:00 AM,80,2,02/15/2022 12:00:00 AM
2022-02-18T16-04-21,35405,Walmart Pharmacy #715,02/12/2022 12:00:00 AM,02/15/2022 12:00:00 AM,20,,
2022-02-22T09-09-37,35405,Walmart Pharmacy #715,02/12/2022 12:00:00 AM,02/15/2022 12:00:00 AM,20,,
2022-02-22T09-09-37,35405,Walmart Pharmacy #5256,02/12/2022 12:00:00 AM,02/15/2022 12:00:00 AM,80,16,02/21/2022 12:00:00 AM
2022-02-24T09-51-18,35405,Walmart Pharmacy #715,02/12/2022 12:00:00 AM,02/15/2022 12:00:00 AM,20,,
2022-02-24T09-51-18,35405,Walmart Pharmacy #5256,02/12/2022 12:00:00 AM,02/15/2022 12:00:00 AM,80,16,02/21/2022 12:00:00 AM
2022-03-03T09-56-49,35405,Walmart Pharmacy #715,02/12/2022 12:00:00 AM,02/15/2022 12:00:00 AM,20,20,02/28/2022 12:00:00 AM
2022-03-03T09-56-49,35405,Walmart Pharmacy #5256,02/25/2022 12:00:00 AM,02/15/2022 12:00:00 AM,100,14,02/28/2022 12:00:00 AM
2022-03-03T10-04-44,35405,Walmart Pharmacy #5256,02/25/2022 12:00:00 AM,03/01/2022 12:00:00 AM,100,33,03/02/2022 12:00:00 AM
2022-03-03T10-04-44,35405,Walmart Pharmacy #715,02/12/2022 12:00:00 AM,02/15/2022 12:00:00 AM,20,20,03/02/2022 12:00:00 AM
2022-03-08T14-40-56,35405,Walmart Pharmacy #5256,02/25/2022 12:00:00 AM,03/01/2022 12:00:00 AM,100,33,03/08/2022 12:00:00 AM
2022-03-08T14-40-56,35405,Walmart Pharmacy #715,02/12/2022 12:00:00 AM,02/15/2022 12:00:00 AM,20,20,03/08/2022 12:00:00 AM
2022-03-16T18-51-35,35405,Walmart Pharmacy #715,NLP,NLP,NLP,20,03/11/2022 12:00:00 AM
2022-03-16T18-51-35,35405,Walmart Pharmacy #5256,NLP,NLP,NLP,33,03/11/2022 12:00:00 AM
2022-03-18T09-58-11,35405,Walmart Pharmacy #715,NLP,NLP,NLP,20,03/15/2022 12:00:00 AM
2022-03-18T09-58-11,35405,Walmart Pharmacy #5256,NLP,NLP,NLP,33,03/15/2022 12:00:00 AM
2022-03-18T11-03-37,35405,Walmart Pharmacy #715,NLP,NLP,NLP,20,03/15/2022 12:00:00 AM
2022-03-18T11-03-37,35405,Walmart Pharmacy #5256,NLP,NLP,NLP,33,03/15/2022 12:00:00 AM
2022-03-18T11-17-38,35405,Walmart Pharmacy #715,NLP,NLP,NLP,20,03/17/2022 12:00:00 AM
2022-03-18T11-17-38,35405,Walmart Pharmacy #5256,NLP,NLP,NLP,33,03/17/2022 12:00:00 AM
2022-03-18T15-22-50,35405,Walmart Pharmacy #715,NLP,NLP,NLP,20,03/17/2022 12:00:00 AM
2022-03-18T15-22-50,35405,Walmart Pharmacy #5256,NLP,NLP,NLP,33,03/17/2022 12:00:00 AM
2022-03-19T08-15-59,35405,Walmart Pharmacy #715,NLP,NLP,NLP,20,03/17/2022 12:00:00 AM
2022-03-19T08-15-59,35405,Walmart Pharmacy #5256,NLP,NLP,NLP,33,03/17/2022 12:00:00 AM
2022-03-19T11-58-02,35405,Walmart Pharmacy #5256,NLP,NLP,NLP,32,03/18/2022 12:00:00 AM
2022-03-19T11-58-02,35405,Walmart Pharmacy #715,NLP,NLP,NLP,20,03/18/2022 12:00:00 AM
2022-03-20T06-05-37,35405,Walmart Pharmacy #715,NLP,NLP,NLP,20,03/18/2022 12:00:00 AM
2022-03-20T06-05-37,35405,Walmart Pharmacy #5256,NLP,NLP,NLP,32,03/18/2022 12:00:00 AM
2022-03-21T06-11-50,35405,Walmart Pharmacy #5256,NLP,NLP,NLP,32,03/18/2022 12:00:00 AM
2022-03-21T06-11-50,35405,Walmart Pharmacy #715,NLP,NLP,NLP,20,03/18/2022 12:00:00 AM
2022-03-21T14-18-38,35405,Walmart Pharmacy #5256,NLP,NLP,NLP,32,03/18/2022 12:00:00 AM
2022-03-21T14-18-38,35405,Walmart Pharmacy #715,NLP,NLP,NLP,20,03/18/2022 12:00:00 AM
2022-03-21T16-35-27,35405,Walmart Pharmacy #5256,NLP,NLP,NLP,32,03/21/2022 12:00:00 AM
2022-03-21T16-35-27,35405,Walmart Pharmacy #715,NLP,NLP,NLP,20,03/21/2022 12:00:00 AM
2022-03-22T09-16-18,35405,Walmart Pharmacy #715,NLP,NLP,NLP,20,03/21/2022 12:00:00 AM
2022-03-22T09-16-18,35405,Walmart Pharmacy #5256,NLP,NLP,NLP,32,03/21/2022 12:00:00 AM
2022-03-23T08-41-43,35405,CVS Store #03004,NLP,NLP,NLP,20,03/22/2022 12:00:00 AM
2022-03-23T08-41-43,35405,Walmart Pharmacy #5256,NLP,NLP,NLP,32,03/22/2022 12:00:00 AM
2022-03-23T08-41-43,35405,Walmart Pharmacy #715,NLP,NLP,NLP,20,03/22/2022 12:00:00 AM
2022-03-24T07-49-11,35405,CVS Store #03004,NLP,NLP,NLP,20,03/22/2022 12:00:00 AM
2022-03-24T07-49-11,35405,Walmart Pharmacy #5256,NLP,NLP,NLP,32,03/22/2022 12:00:00 AM
2022-03-24T07-49-11,35405,Walmart Pharmacy #715,NLP,NLP,NLP,20,03/22/2022 12:00:00 AM
2022-03-24T13-46-29,35405,Walmart Pharmacy #715,NLP,NLP,NLP,20,03/23/2022 12:00:00 AM
2022-03-24T13-46-29,35405,CVS Store #03004,NLP,NLP,NLP,20,03/24/2022 12:00:00 AM
2022-03-24T13-46-29,35405,Walmart Pharmacy #5256,NLP,NLP,NLP,32,03/23/2022 12:00:00 AM
2022-03-25T08-10-53,35405,Walmart Pharmacy #715,NLP,NLP,NLP,20,03/24/2022 12:00:00 AM
2022-03-25T08-10-53,35405,Walmart Pharmacy #5256,NLP,NLP,NLP,32,03/24/2022 12:00:00 AM
2022-03-25T08-10-53,35405,CVS Store #03004,NLP,NLP,NLP,20,03/24/2022 12:00:00 AM
2022-03-26T06-57-27,35405,Walmart Pharmacy #715,NLP,NLP,NLP,20,03/25/2022 12:00:00 AM
2022-03-26T06-57-27,35405,CVS Store #03004,NLP,NLP,NLP,20,03/25/2022 12:00:00 AM
2022-03-26T06-57-27,35405,Walmart Pharmacy #5256,NLP,NLP,NLP,32,03/25/2022 12:00:00 AM
2022-03-26T12-42-50,35405,CVS Store #03004,NLP,NLP,NLP,20,03/25/2022 12:00:00 AM
2022-03-26T12-42-50,35405,Walmart Pharmacy #715,NLP,NLP,NLP,20,03/25/2022 12:00:00 AM
2022-03-26T12-42-50,35405,Walmart Pharmacy #5256,NLP,NLP,NLP,32,03/25/2022 12:00:00 AM
2022-03-27T06-25-27,35405,Walmart Pharmacy #715,NLP,NLP,NLP,20,03/25/2022 12:00:00 AM
2022-03-27T06-25-27,35405,CVS Store #03004,NLP,NLP,NLP,20,03/25/2022 12:00:00 AM
2022-03-27T06-25-27,35405,Walmart Pharmacy #5256,NLP,NLP,NLP,32,03/25/2022 12:00:00 AM
2022-03-28T06-21-17,35405,CVS Store #03004,NLP,NLP,NLP,20,03/25/2022 12:00:00 AM
2022-03-28T06-21-17,35405,Walmart Pharmacy #5256,NLP,NLP,NLP,32,03/25/2022 12:00:00 AM
2022-03-28T06-21-17,35405,Walmart Pharmacy #715,NLP,NLP,NLP,20,03/25/2022 12:00:00 AM
2022-03-29T08-50-48,35405,Walmart Pharmacy #715,NLP,NLP,NLP,20,03/28/2022 12:00:00 AM
2022-03-29T08-50-48,35405,Walmart Pharmacy #5256,NLP,NLP,NLP,32,03/28/2022 12:00:00 AM
2022-03-29T08-50-48,35405,CVS Store #03004,NLP,NLP,NLP,20,03/28/2022 12:00:00 AM
2022-03-30T09-27-07,35405,CVS Store #03004,NLP,NLP,NLP,20,03/29/2022 12:00:00 AM
2022-03-30T09-27-07,35405,Walmart Pharmacy #5256,NLP,NLP,NLP,32,03/29/2022 12:00:00 AM
2022-03-30T09-27-07,35405,Walmart Pharmacy #715,NLP,NLP,NLP,20,03/29/2022 12:00:00 AM
2022-03-31T08-53-07,35405,CVS Store #03004,NLP,NLP,NLP,20,03/30/2022 12:00:00 AM
2022-03-31T08-53-07,35405,Walmart Pharmacy #715,NLP,NLP,NLP,20,03/30/2022 12:00:00 AM
2022-03-31T08-53-07,35405,Walmart Pharmacy #5256,NLP,NLP,NLP,32,03/30/2022 12:00:00 AM
2022-03-31T15-09-22,35405,Walmart Pharmacy #715,NLP,NLP,NLP,20,03/30/2022 12:00:00 AM
2022-03-31T15-09-22,35405,CVS Store #03004,NLP,NLP,NLP,20,03/30/2022 12:00:00 AM
2022-03-31T15-09-22,35405,Walmart Pharmacy #5256,NLP,NLP,NLP,32,03/30/2022 12:00:00 AM
2022-04-01T06-54-45,35405,Walmart Pharmacy #5256,NLP,NLP,NLP,32,03/31/2022 12:00:00 AM
2022-04-01T06-54-45,35405,CVS Store #03004,NLP,NLP,NLP,20,03/31/2022 12:00:00 AM
2022-04-01T06-54-45,35405,Walmart Pharmacy #715,NLP,NLP,NLP,20,03/31/2022 12:00:00 AM
2022-04-02T06-05-59,35405,CVS Store #03004,NLP,NLP,NLP,20,04/01/2022 12:00:00 AM
2022-04-02T06-05-59,35405,Walmart Pharmacy #715,NLP,NLP,NLP,20,04/01/2022 12:00:00 AM
2022-04-02T06-05-59,35405,Walmart Pharmacy #5256,NLP,NLP,NLP,32,04/01/2022 12:00:00 AM
2022-04-03T05-51-54,35405,CVS Store #03004,NLP,NLP,NLP,20,04/01/2022 12:00:00 AM
2022-04-03T05-51-54,35405,Walmart Pharmacy #5256,NLP,NLP,NLP,32,04/01/2022 12:00:00 AM
2022-04-03T05-51-54,35405,Walmart Pharmacy #715,NLP,NLP,NLP,20,04/01/2022 12:00:00 AM
2022-04-04T05-38-24,35405,CVS Store #03004,NLP,NLP,NLP,20,04/01/2022 12:00:00 AM
2022-04-04T05-38-24,35405,Walmart Pharmacy #715,NLP,NLP,NLP,20,04/01/2022 12:00:00 AM
2022-04-04T05-38-24,35405,Walmart Pharmacy #5256,NLP,NLP,NLP,32,04/01/2022 12:00:00 AM
2022-04-05T05-48-33,35405,Walmart Pharmacy #715,NLP,NLP,NLP,20,04/04/2022 12:00:00 AM
2022-04-05T05-48-33,35405,Walmart Pharmacy #5256,NLP,NLP,NLP,32,04/04/2022 12:00:00 AM
2022-04-05T05-48-33,35405,CVS Store #03004,NLP,NLP,NLP,20,04/04/2022 12:00:00 AM
2022-04-06T05-45-18,35405,Walmart Pharmacy #5256,NLP,NLP,NLP,32,04/04/2022 12:00:00 AM
2022-04-06T05-45-18,35405,CVS Store #03004,NLP,NLP,NLP,20,04/05/2022 12:00:00 AM
2022-04-06T05-45-18,35405,Walmart Pharmacy #715,NLP,NLP,NLP,20,04/04/2022 12:00:00 AM
2022-04-07T05-34-07,35405,Walmart Pharmacy #715,NLP,NLP,NLP,20,04/06/2022 12:00:00 AM
2022-04-07T05-34-07,35405,Walmart Pharmacy #5256,NLP,NLP,NLP,32,04/06/2022 12:00:00 AM
2022-04-07T05-34-07,35405,CVS Store #03004,NLP,NLP,NLP,20,04/06/2022 12:00:00 AM
2022-04-08T05-48-29,35405,Walmart Pharmacy #5256,NLP,NLP,NLP,32,04/07/2022 12:00:00 AM
2022-04-08T05-48-29,35405,Pharmacy 479,NLP,NLP,NLP,0,03/22/2022 12:00:00 AM
2022-04-08T05-48-29,35405,Walmart Pharmacy #715,NLP,NLP,NLP,20,04/07/2022 12:00:00 AM
2022-04-08T05-48-29,35405,Sams Pharmacy #6435,NLP,NLP,NLP,0,03/24/2022 12:00:00 AM
2022-04-08T05-48-29,35405,CVS Store #03004,NLP,NLP,NLP,20,04/07/2022 12:00:00 AM
2022-04-09T05-41-09,35405,Walmart Pharmacy #715,NLP,NLP,NLP,20,04/08/2022 12:00:00 AM
2022-04-09T05-41-09,35405,Sams Pharmacy #6435,NLP,NLP,NLP,0,03/24/2022 12:00:00 AM
2022-04-09T05-41-09,35405,Walmart Pharmacy #5256,NLP,NLP,NLP,31,04/08/2022 12:00:00 AM
2022-04-09T05-41-09,35405,Pharmacy 479,NLP,NLP,NLP,0,03/22/2022 12:00:00 AM
2022-04-09T05-41-09,35405,CVS Store #03004,NLP,NLP,NLP,20,04/08/2022 12:00:00 AM
2022-04-10T09-31-27,35405,Walmart Pharmacy #5256,NLP,NLP,NLP,31,04/08/2022 12:00:00 AM
2022-04-10T09-31-27,35405,Sams Pharmacy #6435,NLP,NLP,NLP,0,03/24/2022 12:00:00 AM
2022-04-10T09-31-27,35405,Walmart Pharmacy #715,NLP,NLP,NLP,20,04/08/2022 12:00:00 AM
2022-04-10T09-31-27,35405,CVS Store #03004,NLP,NLP,NLP,20,04/08/2022 12:00:00 AM
2022-04-10T09-31-27,35405,Pharmacy 479,NLP,NLP,NLP,0,03/22/2022 12:00:00 AM
2022-04-11T07-06-23,35405,Sams Pharmacy #6435,NLP,NLP,NLP,0,03/24/2022 12:00:00 AM
2022-04-11T07-06-23,35405,Walmart Pharmacy #715,NLP,NLP,NLP,20,04/08/2022 12:00:00 AM
2022-04-11T07-06-23,35405,Pharmacy 479,NLP,NLP,NLP,0,03/22/2022 12:00:00 AM
2022-04-11T07-06-23,35405,CVS Store #03004,NLP,NLP,NLP,20,04/08/2022 12:00:00 AM
2022-04-11T07-06-23,35405,Walmart Pharmacy #5256,NLP,NLP,NLP,31,04/08/2022 12:00:00 AM
2022-04-12T07-06-55,35405,Sams Pharmacy #6435,NLP,NLP,NLP,39,04/11/2022 12:00:00 AM
2022-04-12T07-06-55,35405,Pharmacy 479,NLP,NLP,NLP,0,03/22/2022 12:00:00 AM
2022-04-12T07-06-55,35405,Walmart Pharmacy #5256,NLP,NLP,NLP,31,04/11/2022 12:00:00 AM
2022-04-12T07-06-55,35405,Walmart Pharmacy #715,NLP,NLP,NLP,20,04/11/2022 12:00:00 AM
2022-04-12T07-06-55,35405,CVS Store #03004,NLP,NLP,NLP,20,04/11/2022 12:00:00 AM
2022-04-13T09-20-57,35405,Walmart Pharmacy #715,NLP,NLP,NLP,19,04/12/2022 12:00:00 AM
2022-04-13T09-20-57,35405,CVS Store #03004,NLP,NLP,NLP,20,04/12/2022 12:00:00 AM
2022-04-13T09-20-57,35405,Sams Pharmacy #6435,NLP,NLP,NLP,39,04/12/2022 12:00:00 AM
2022-04-13T09-20-57,35405,Walmart Pharmacy #5256,NLP,NLP,NLP,31,04/12/2022 12:00:00 AM
2022-04-13T11-55-39,35405,Walmart Pharmacy #715,NLP,NLP,NLP,19,04/13/2022 12:00:00 AM
2022-04-13T11-55-39,35405,Walmart Pharmacy #5256,NLP,NLP,NLP,31,04/13/2022 12:00:00 AM
2022-04-13T11-55-39,35405,CVS Store #03004,NLP,NLP,NLP,20,04/12/2022 12:00:00 AM
2022-04-13T11-55-39,35405,Sams Pharmacy #6435,NLP,NLP,NLP,39,04/13/2022 12:00:00 AM
2022-04-14T09-18-06,35405,Walmart Pharmacy #715,NLP,NLP,NLP,19,04/13/2022 12:00:00 AM
2022-04-14T09-18-06,35405,CVS Store #03004,NLP,NLP,NLP,20,04/13/2022 12:00:00 AM
2022-04-14T09-18-06,35405,Sams Pharmacy #6435,NLP,NLP,NLP,39,04/13/2022 12:00:00 AM
2022-04-14T09-18-06,35405,Walmart Pharmacy #5256,NLP,NLP,NLP,31,04/13/2022 12:00:00 AM
2022-04-15T06-03-51,35405,Walmart Pharmacy #715,NLP,NLP,NLP,19,04/14/2022 12:00:00 AM
2022-04-15T06-03-51,35405,Sams Pharmacy #6435,NLP,NLP,NLP,39,04/14/2022 12:00:00 AM
2022-04-15T06-03-51,35405,Walmart Pharmacy #5256,NLP,NLP,NLP,31,04/14/2022 12:00:00 AM
2022-04-15T06-03-51,35405,CVS Store #03004,NLP,NLP,NLP,20,04/14/2022 12:00:00 AM
2022-04-16T05-33-42,35405,Walmart Pharmacy #715,NLP,NLP,NLP,19,04/15/2022 12:00:00 AM
2022-04-16T05-33-42,35405,Sams Pharmacy #6435,NLP,NLP,NLP,39,04/15/2022 12:00:00 AM
2022-04-16T05-33-42,35405,CVS Store #03004,NLP,NLP,NLP,20,04/15/2022 12:00:00 AM
2022-04-16T05-33-42,35405,Walmart Pharmacy #5256,NLP,NLP,NLP,30,04/15/2022 12:00:00 AM
2022-04-17T05-32-24,35405,Walmart Pharmacy #715,NLP,NLP,NLP,19,04/15/2022 12:00:00 AM
2022-04-17T05-32-24,35405,Walmart Pharmacy #5256,NLP,NLP,NLP,30,04/15/2022 12:00:00 AM
2022-04-17T05-32-24,35405,Sams Pharmacy #6435,NLP,NLP,NLP,39,04/15/2022 12:00:00 AM
2022-04-17T05-32-24,35405,CVS Store #03004,NLP,NLP,NLP,20,04/15/2022 12:00:00 AM
2022-04-18T05-31-10,35405,Walmart Pharmacy #715,NLP,NLP,NLP,19,04/15/2022 12:00:00 AM
2022-04-18T05-31-10,35405,Walmart Pharmacy #5256,NLP,NLP,NLP,30,04/15/2022 12:00:00 AM
2022-04-18T05-31-10,35405,CVS Store #03004,NLP,NLP,NLP,20,04/15/2022 12:00:00 AM
2022-04-18T05-31-10,35405,Sams Pharmacy #6435,NLP,NLP,NLP,39,04/15/2022 12:00:00 AM
2022-04-19T05-39-24,35405,Walmart Pharmacy #715,NLP,NLP,NLP,19,04/18/2022 12:00:00 AM
2022-04-19T05-39-24,35405,Walmart Pharmacy #5256,NLP,NLP,NLP,31,04/18/2022 12:00:00 AM
2022-04-19T05-39-24,35405,CVS Store #03004,NLP,NLP,NLP,20,04/18/2022 12:00:00 AM
2022-04-19T05-39-24,35405,Sams Pharmacy #6435,NLP,NLP,NLP,39,04/18/2022 12:00:00 AM
2022-04-20T05-27-37,35405,Walmart Pharmacy #715,NLP,NLP,NLP,19,04/18/2022 12:00:00 AM
2022-04-20T05-27-37,35405,Walmart Pharmacy #5256,NLP,NLP,NLP,31,04/18/2022 12:00:00 AM
2022-04-20T05-27-37,35405,Sams Pharmacy #6435,NLP,NLP,NLP,39,04/18/2022 12:00:00 AM
2022-04-20T05-27-37,35405,CVS Store #03004,NLP,NLP,NLP,20,04/19/2022 12:00:00 AM
2022-04-21T05-29-54,35405,Walmart Pharmacy #715,NLP,NLP,NLP,19,04/20/2022 12:00:00 AM
2022-04-21T05-29-54,35405,Sams Pharmacy #6435,NLP,NLP,NLP,39,04/20/2022 12:00:00 AM
2022-04-21T05-29-54,35405,Walmart Pharmacy #5256,NLP,NLP,NLP,31,04/20/2022 12:00:00 AM
2022-04-21T05-29-54,35405,CVS Store #03004,NLP,NLP,NLP,20,04/20/2022 12:00:00 AM
2022-04-22T05-26-18,35405,Walmart Pharmacy #715,NLP,NLP,NLP,19,04/21/2022 12:00:00 AM
2022-04-22T05-26-18,35405,Sams Pharmacy #6435,NLP,NLP,NLP,39,04/21/2022 12:00:00 AM
2022-04-22T05-26-18,35405,Walmart Pharmacy #5256,NLP,NLP,NLP,31,04/21/2022 12:00:00 AM
2022-04-22T05-26-18,35405,CVS Store #03004,NLP,NLP,NLP,20,04/21/2022 12:00:00 AM
2022-04-23T05-25-10,35405,Walmart Pharmacy #715,NLP,NLP,NLP,19,04/22/2022 12:00:00 AM
2022-04-23T05-25-10,35405,Sams Pharmacy #6435,NLP,NLP,NLP,39,04/22/2022 12:00:00 AM
2022-04-23T05-25-10,35405,CVS Store #03004,NLP,NLP,NLP,20,04/22/2022 12:00:00 AM
2022-04-23T05-25-10,35405,Walmart Pharmacy #5256,NLP,NLP,NLP,31,04/22/2022 12:00:00 AM
2022-04-24T05-22-24,35405,Walmart Pharmacy #715,NLP,NLP,NLP,19,04/22/2022 12:00:00 AM
2022-04-24T05-22-24,35405,Walmart Pharmacy #5256,NLP,NLP,NLP,31,04/22/2022 12:00:00 AM
2022-04-24T05-22-24,35405,Sams Pharmacy #6435,NLP,NLP,NLP,39,04/22/2022 12:00:00 AM
2022-04-24T05-22-24,35405,CVS Store #03004,NLP,NLP,NLP,20,04/22/2022 12:00:00 AM
2022-04-25T05-22-33,35405,Walmart Pharmacy #715,NLP,NLP,NLP,19,04/22/2022 12:00:00 AM
2022-04-25T05-22-33,35405,Walmart Pharmacy #5256,NLP,NLP,NLP,31,04/22/2022 12:00:00 AM
2022-04-25T05-22-33,35405,CVS Store #03004,NLP,NLP,NLP,20,04/22/2022 12:00:00 AM
2022-04-25T05-22-33,35405,Sams Pharmacy #6435,NLP,NLP,NLP,39,04/22/2022 12:00:00 AM
2022-04-26T05-20-54,35405,Walmart Pharmacy #715,NLP,NLP,NLP,19,04/25/2022 12:00:00 AM
2022-04-26T05-20-54,35405,Walmart Pharmacy #5256,NLP,NLP,NLP,31,04/25/2022 12:00:00 AM
2022-04-26T05-20-54,35405,CVS Store #03004,NLP,NLP,NLP,20,04/25/2022 12:00:00 AM
2022-04-26T05-20-54,35405,Sams Pharmacy #6435,NLP,NLP,NLP,39,04/25/2022 12:00:00 AM
2022-04-27T05-23-49,35405,Walmart Pharmacy #715,NLP,NLP,NLP,19,04/26/2022 12:00:00 AM
2022-04-27T05-23-49,35405,Walmart Pharmacy #5256,NLP,NLP,NLP,31,04/26/2022 12:00:00 AM
2022-04-27T05-23-49,35405,Sams Pharmacy #6435,NLP,NLP,NLP,39,04/26/2022 12:00:00 AM
2022-04-27T05-23-49,35405,CVS Store #03004,NLP,NLP,NLP,20,04/26/2022 12:00:00 AM
2022-04-28T09-22-45,35405,Walmart Pharmacy #715,NLP,NLP,NLP,19,04/27/2022 12:00:00 AM
2022-04-28T09-22-45,35405,Walmart Pharmacy #5256,NLP,NLP,NLP,31,04/27/2022 12:00:00 AM
2022-04-28T09-22-45,35405,Sams Pharmacy #6435,NLP,NLP,NLP,39,04/27/2022 12:00:00 AM
2022-04-28T09-22-45,35405,CVS Store #03004,NLP,NLP,NLP,20,04/26/2022 12:00:00 AM
2022-04-29T05-13-54,35405,Sams Pharmacy #6435,NLP,NLP,NLP,39,04/28/2022 12:00:00 AM
2022-04-29T05-13-54,35405,Walmart Pharmacy #715,NLP,NLP,NLP,19,04/28/2022 12:00:00 AM
2022-04-29T05-13-54,35405,Walmart Pharmacy #5256,NLP,NLP,NLP,31,04/28/2022 12:00:00 AM
2022-04-29T05-13-54,35405,CVS Store #03004,NLP,NLP,NLP,19,04/28/2022 12:00:00 AM
2022-04-30T05-15-55,35405,Walmart Pharmacy #715,NLP,NLP,NLP,19,04/29/2022 12:00:00 AM
2022-04-30T05-15-55,35405,Sams Pharmacy #6435,NLP,NLP,NLP,39,04/29/2022 12:00:00 AM
2022-04-30T05-15-55,35405,CVS Store #03004,NLP,NLP,NLP,19,04/29/2022 12:00:00 AM
2022-04-30T05-15-55,35405,Walmart Pharmacy #5256,NLP,NLP,NLP,31,04/29/2022 12:00:00 AM
2022-05-01T05-13-51,35405,Walmart Pharmacy #715,NLP,NLP,NLP,19,04/29/2022 12:00:00 AM
2022-05-01T05-13-51,35405,CVS Store #03004,NLP,NLP,NLP,19,04/29/2022 12:00:00 AM
2022-05-01T05-13-51,35405,Sams Pharmacy #6435,NLP,NLP,NLP,39,04/29/2022 12:00:00 AM
2022-05-01T05-13-51,35405,Walmart Pharmacy #5256,NLP,NLP,NLP,31,04/29/2022 12:00:00 AM
2022-05-02T06-02-50,35405,Walmart Pharmacy #715,NLP,NLP,NLP,19,04/29/2022 12:00:00 AM
2022-05-02T06-02-50,35405,Sams Pharmacy #6435,NLP,NLP,NLP,39,04/29/2022 12:00:00 AM
2022-05-02T06-02-50,35405,CVS Store #03004,NLP,NLP,NLP,19,04/29/2022 12:00:00 AM
2022-05-02T06-02-50,35405,Walmart Pharmacy #5256,NLP,NLP,NLP,31,04/29/2022 12:00:00 AM
2022-05-03T06-05-23,35405,Walmart Pharmacy #715,NLP,NLP,NLP,18,05/02/2022 12:00:00 AM
2022-05-03T06-05-23,35405,Sams Pharmacy #6435,NLP,NLP,NLP,39,05/02/2022 12:00:00 AM
2022-05-03T06-05-23,35405,CVS Store #03004,NLP,NLP,NLP,19,05/02/2022 12:00:00 AM
2022-05-03T06-05-23,35405,Walmart Pharmacy #5256,NLP,NLP,NLP,31,05/02/2022 12:00:00 AM
2022-05-04T05-12-02,35405,Walmart Pharmacy #715,NLP,NLP,NLP,18,05/03/2022 12:00:00 AM
2022-05-04T05-12-02,35405,Sams Pharmacy #6435,NLP,NLP,NLP,39,05/03/2022 12:00:00 AM
2022-05-04T05-12-02,35405,CVS Store #03004,NLP,NLP,NLP,19,05/03/2022 12:00:00 AM
2022-05-04T05-12-02,35405,Walmart Pharmacy #5256,NLP,NLP,NLP,31,05/03/2022 12:00:00 AM
2022-05-05T09-49-47,35405,Walmart Pharmacy #715,NLP,NLP,NLP,18,05/03/2022 12:00:00 AM
2022-05-05T09-49-47,35405,Sams Pharmacy #6435,NLP,NLP,NLP,39,05/03/2022 12:00:00 AM
2022-05-05T09-49-47,35405,CVS Store #03004,NLP,NLP,NLP,19,05/04/2022 12:00:00 AM
2022-05-05T09-49-47,35405,Pharmacy 479,NLP,NLP,NLP,1,05/04/2022 12:00:00 AM
2022-05-05T09-49-47,35405,Walmart Pharmacy #5256,NLP,NLP,NLP,31,05/03/2022 12:00:00 AM
2022-05-06T06-12-41,35405,Walmart Pharmacy #715,NLP,NLP,NLP,18,05/05/2022 12:00:00 AM
2022-05-06T06-12-41,35405,Sams Pharmacy #6435,NLP,NLP,NLP,39,05/05/2022 12:00:00 AM
2022-05-06T06-12-41,35405,Walmart Pharmacy #5256,NLP,NLP,NLP,31,05/05/2022 12:00:00 AM
2022-05-06T06-12-41,35405,CVS Store #03004,NLP,NLP,NLP,18,05/05/2022 12:00:00 AM
2022-05-06T06-12-41,35405,Pharmacy 479,NLP,NLP,NLP,1,05/05/2022 12:00:00 AM
2022-05-07T05-45-31,35405,Sams Pharmacy #6435,NLP,NLP,NLP,39,05/06/2022 12:00:00 AM
2022-05-07T05-45-31,35405,Walmart Pharmacy #715,NLP,NLP,NLP,16,05/06/2022 12:00:00 AM
2022-05-07T05-45-31,35405,CVS Store #03004,NLP,NLP,NLP,18,05/06/2022 12:00:00 AM
2022-05-07T05-45-31,35405,Pharmacy 479,NLP,NLP,NLP,1,05/05/2022 12:00:00 AM
2022-05-07T05-45-31,35405,Walmart Pharmacy #5256,NLP,NLP,NLP,30,05/06/2022 12:00:00 AM
2022-05-08T10-02-59,35405,Walmart Pharmacy #715,NLP,NLP,NLP,16,05/06/2022 12:00:00 AM
2022-05-08T10-02-59,35405,Sams Pharmacy #6435,NLP,NLP,NLP,39,05/06/2022 12:00:00 AM
2022-05-08T10-02-59,35405,Walmart Pharmacy #5256,NLP,NLP,NLP,30,05/06/2022 12:00:00 AM
2022-05-08T10-02-59,35405,Pharmacy 479,NLP,NLP,NLP,1,05/05/2022 12:00:00 AM
2022-05-08T10-02-59,35405,CVS Store #03004,NLP,NLP,NLP,18,05/06/2022 12:00:00 AM
2022-05-09T05-08-14,35405,Walmart Pharmacy #715,NLP,NLP,NLP,16,05/06/2022 12:00:00 AM
2022-05-09T05-08-14,35405,Sams Pharmacy #6435,NLP,NLP,NLP,39,05/06/2022 12:00:00 AM
2022-05-09T05-08-14,35405,CVS Store #03004,NLP,NLP,NLP,18,05/06/2022 12:00:00 AM
2022-05-09T05-08-14,35405,Walmart Pharmacy #5256,NLP,NLP,NLP,30,05/06/2022 12:00:00 AM
2022-05-09T05-08-14,35405,Pharmacy 479,NLP,NLP,NLP,1,05/05/2022 12:00:00 AM
2022-05-10T06-06-54,35405,Walmart Pharmacy #715,NLP,NLP,NLP,15,05/09/2022 12:00:00 AM
2022-05-10T06-06-54,35405,Sams Pharmacy #6435,NLP,NLP,NLP,39,05/09/2022 12:00:00 AM
2022-05-10T06-06-54,35405,Pharmacy 479,NLP,NLP,NLP,1,05/05/2022 12:00:00 AM
2022-05-10T06-06-54,35405,CVS Store #03004,NLP,NLP,NLP,18,05/09/2022 12:00:00 AM
2022-05-10T06-06-54,35405,Walmart Pharmacy #5256,NLP,NLP,NLP,30,05/09/2022 12:00:00 AM
2022-05-11T06-51-12,35405,Walmart Pharmacy #715,NLP,NLP,NLP,14,05/10/2022 12:00:00 AM
2022-05-11T06-51-12,35405,Sams Pharmacy #6435,NLP,NLP,NLP,39,05/10/2022 12:00:00 AM
2022-05-11T06-51-12,35405,Pharmacy 479,NLP,NLP,NLP,1,05/05/2022 12:00:00 AM
2022-05-11T06-51-12,35405,CVS Store #03004,NLP,NLP,NLP,18,05/10/2022 12:00:00 AM
2022-05-11T06-51-12,35405,Walmart Pharmacy #5256,NLP,NLP,NLP,30,05/10/2022 12:00:00 AM
2022-05-12T07-16-49,35405,Walmart Pharmacy #715,NLP,NLP,NLP,14,05/11/2022 12:00:00 AM
2022-05-12T07-16-49,35405,Sams Pharmacy #6435,NLP,NLP,NLP,39,05/11/2022 12:00:00 AM
2022-05-12T07-16-49,35405,Pharmacy 479,NLP,NLP,NLP,1,05/05/2022 12:00:00 AM
2022-05-12T07-16-49,35405,Walmart Pharmacy #5256,NLP,NLP,NLP,30,05/11/2022 12:00:00 AM
2022-05-12T07-16-49,35405,CVS Store #03004,NLP,NLP,NLP,18,05/11/2022 12:00:00 AM
2022-05-13T06-07-31,35405,Walmart Pharmacy #715,NLP,NLP,NLP,14,05/12/2022 12:00:00 AM
2022-05-13T06-07-31,35405,Sams Pharmacy #6435,NLP,NLP,NLP,39,05/12/2022 12:00:00 AM
2022-05-13T06-07-31,35405,CVS Store #03004,NLP,NLP,NLP,18,05/12/2022 12:00:00 AM
2022-05-13T06-07-31,35405,Walmart Pharmacy #5256,NLP,NLP,NLP,30,05/12/2022 12:00:00 AM
2022-05-13T06-07-31,35405,Pharmacy 479,NLP,NLP,NLP,1,05/05/2022 12:00:00 AM
2022-05-14T08-49-14,35405,Walmart Pharmacy #715,NLP,NLP,NLP,13,05/13/2022 12:00:00 AM
2022-05-14T08-49-14,35405,Sams Pharmacy #6435,NLP,NLP,NLP,39,05/13/2022 12:00:00 AM
2022-05-14T08-49-14,35405,Walgreens Store #10525,NLP,NLP,NLP,37,05/13/2022 12:00:00 AM
2022-05-14T08-49-14,35405,CVS Store #03004,NLP,NLP,NLP,17,05/13/2022 12:00:00 AM
2022-05-14T08-49-14,35405,Walmart Pharmacy #5256,NLP,NLP,NLP,30,05/13/2022 12:00:00 AM
2022-05-14T08-49-14,35405,Pharmacy 479,NLP,NLP,NLP,1,05/05/2022 12:00:00 AM
2022-05-15T05-54-13,35405,Walmart Pharmacy #715,NLP,NLP,NLP,13,05/13/2022 12:00:00 AM
2022-05-15T05-54-13,35405,Sams Pharmacy #6435,NLP,NLP,NLP,39,05/13/2022 12:00:00 AM
2022-05-15T05-54-13,35405,Walmart Pharmacy #5256,NLP,NLP,NLP,30,05/13/2022 12:00:00 AM
2022-05-15T05-54-13,35405,Walgreens Store #10525,NLP,NLP,NLP,37,05/13/2022 12:00:00 AM
2022-05-15T05-54-13,35405,CVS Store #03004,NLP,NLP,NLP,17,05/13/2022 12:00:00 AM
2022-05-15T05-54-13,35405,Pharmacy 479,NLP,NLP,NLP,1,05/05/2022 12:00:00 AM
2022-05-16T05-54-24,35405,Walmart Pharmacy #715,NLP,NLP,NLP,13,05/13/2022 12:00:00 AM
2022-05-16T05-54-24,35405,Sams Pharmacy #6435,NLP,NLP,NLP,39,05/13/2022 12:00:00 AM
2022-05-16T05-54-24,35405,Walmart Pharmacy #5256,NLP,NLP,NLP,30,05/13/2022 12:00:00 AM
2022-05-16T05-54-24,35405,Pharmacy 479,NLP,NLP,NLP,1,05/05/2022 12:00:00 AM
2022-05-16T05-54-24,35405,Walgreens Store #10525,NLP,NLP,NLP,37,05/13/2022 12:00:00 AM
2022-05-16T05-54-24,35405,CVS Store #03004,NLP,NLP,NLP,17,05/13/2022 12:00:00 AM
2022-05-17T05-27-38,35405,Walmart Pharmacy #715,NLP,NLP,NLP,13,05/16/2022 12:00:00 AM
2022-05-17T05-27-38,35405,Sams Pharmacy #6435,NLP,NLP,NLP,39,05/16/2022 12:00:00 AM
2022-05-17T05-27-38,35405,Walgreens Store #10525,NLP,NLP,NLP,16,05/16/2022 12:00:00 AM
2022-05-17T05-27-38,35405,CVS Store #03004,NLP,NLP,NLP,17,05/13/2022 12:00:00 AM
2022-05-17T05-27-38,35405,Pharmacy 479,NLP,NLP,NLP,39,05/16/2022 12:00:00 AM
2022-05-17T05-27-38,35405,Walmart Pharmacy #5256,NLP,NLP,NLP,30,05/16/2022 12:00:00 AM
2022-05-18T05-40-23,35405,Walmart Pharmacy #715,NLP,NLP,NLP,6,05/17/2022 12:00:00 AM
2022-05-18T05-40-23,35405,Sams Pharmacy #6435,NLP,NLP,NLP,39,05/17/2022 12:00:00 AM
2022-05-18T05-40-23,35405,WALGREENS STORE #10525,NLP,NLP,NLP,15,05/17/2022 12:00:00 AM
2022-05-18T05-40-23,35405,Walmart Pharmacy #5256,NLP,NLP,NLP,29,05/17/2022 12:00:00 AM
2022-05-18T05-40-23,35405,CVS Store #03004,NLP,NLP,NLP,17,05/17/2022 12:00:00 AM
2022-05-18T05-40-23,35405,Pharmacy 479,NLP,NLP,NLP,39,05/17/2022 12:00:00 AM
2022-05-19T05-25-31,35405,Walmart Pharmacy #715,NLP,NLP,NLP,6,05/17/2022 12:00:00 AM
2022-05-19T05-25-31,35405,Sams Pharmacy #6435,NLP,NLP,NLP,39,05/17/2022 12:00:00 AM
2022-05-19T05-25-31,35405,WALGREENS STORE #18125,NLP,NLP,NLP,20,05/18/2022 12:00:00 AM
2022-05-19T05-25-31,35405,Walmart Pharmacy #5256,NLP,NLP,NLP,29,05/17/2022 12:00:00 AM
2022-05-19T05-25-31,35405,WALGREENS STORE #10525,NLP,NLP,NLP,32,05/18/2022 12:00:00 AM
2022-05-19T05-25-31,35405,CVS Store #03004,NLP,NLP,NLP,17,05/18/2022 12:00:00 AM
2022-05-19T05-25-31,35405,Pharmacy 479,NLP,NLP,NLP,39,05/17/2022 12:00:00 AM
2022-05-20T05-59-40,35405,Walmart Pharmacy #715,NLP,NLP,NLP,6,05/17/2022 12:00:00 AM
2022-05-20T05-59-40,35405,Sams Pharmacy #6435,NLP,NLP,NLP,39,05/17/2022 12:00:00 AM
2022-05-20T05-59-40,35405,WALGREENS STORE #18125,NLP,NLP,NLP,20,05/18/2022 12:00:00 AM
2022-05-20T05-59-40,35405,Walmart Pharmacy #5256,NLP,NLP,NLP,29,05/17/2022 12:00:00 AM
2022-05-20T05-59-40,35405,WALGREENS STORE #10525,NLP,NLP,NLP,32,05/18/2022 12:00:00 AM
2022-05-20T05-59-40,35405,CVS Store #03004,NLP,NLP,NLP,17,05/18/2022 12:00:00 AM
2022-05-20T05-59-40,35405,Pharmacy 479,NLP,NLP,NLP,39,05/17/2022 12:00:00 AM
2022-05-21T05-54-21,35405,CVS Store #03004,NLP,NLP,NLP,15,05/20/2022 12:00:00 AM
2022-05-21T05-54-21,35405,Walmart Pharmacy #715,NLP,NLP,NLP,4,05/20/2022 12:00:00 AM
2022-05-21T05-54-21,35405,Pharmacy 479,NLP,NLP,NLP,39,05/19/2022 12:00:00 AM
2022-05-21T05-54-21,35405,WALGREENS STORE #18125,NLP,NLP,NLP,20,05/19/2022 12:00:00 AM
2022-05-21T05-54-21,35405,Sams Pharmacy #6435,NLP,NLP,NLP,39,05/20/2022 12:00:00 AM
2022-05-21T05-54-21,35405,Walmart Pharmacy #5256,NLP,NLP,NLP,24,05/20/2022 12:00:00 AM
2022-05-21T05-54-21,35405,WALGREENS STORE #10525,NLP,NLP,NLP,32,05/19/2022 12:00:00 AM
2022-05-22T09-07-10,35405,Walmart Pharmacy #715,NLP,NLP,NLP,4,05/20/2022 12:00:00 AM
2022-05-22T09-07-10,35405,Pharmacy 479,NLP,NLP,NLP,39,05/19/2022 12:00:00 AM
2022-05-22T09-07-10,35405,WALGREENS STORE #18125,NLP,NLP,NLP,20,05/19/2022 12:00:00 AM
2022-05-22T09-07-10,35405,WALGREENS STORE #10525,NLP,NLP,NLP,32,05/19/2022 12:00:00 AM
2022-05-22T09-07-10,35405,Sams Pharmacy #6435,NLP,NLP,NLP,39,05/20/2022 12:00:00 AM
2022-05-22T09-07-10,35405,Walmart Pharmacy #5256,NLP,NLP,NLP,24,05/20/2022 12:00:00 AM
2022-05-22T09-07-10,35405,CVS Store #03004,NLP,NLP,NLP,15,05/20/2022 12:00:00 AM
2022-05-23T07-42-39,35405,Pharmacy 479,NLP,NLP,NLP,39,05/19/2022 12:00:00 AM
2022-05-23T07-42-39,35405,WALGREENS STORE #18125,NLP,NLP,NLP,20,05/19/2022 12:00:00 AM
2022-05-23T07-42-39,35405,Walmart Pharmacy #715,NLP,NLP,NLP,4,05/20/2022 12:00:00 AM
2022-05-23T07-42-39,35405,WALGREENS STORE #10525,NLP,NLP,NLP,32,05/19/2022 12:00:00 AM
2022-05-23T07-42-39,35405,Sams Pharmacy #6435,NLP,NLP,NLP,39,05/20/2022 12:00:00 AM
2022-05-23T07-42-39,35405,Walmart Pharmacy #5256,NLP,NLP,NLP,24,05/20/2022 12:00:00 AM
2022-05-23T07-42-39,35405,CVS Store #03004,NLP,NLP,NLP,15,05/20/2022 12:00:00 AM
2022-05-23T07-42-39,35405,Pharmacy 479,NLP,NLP,NLP,39,05/19/2022 12:00:00 AM
2022-05-23T07-42-39,35405,WALGREENS STORE #18125,NLP,NLP,NLP,20,05/19/2022 12:00:00 AM
2022-05-23T07-42-39,35405,Walmart Pharmacy #715,NLP,NLP,NLP,4,05/20/2022 12:00:00 AM
2022-05-23T07-42-39,35405,WALGREENS STORE #10525,NLP,NLP,NLP,32,05/19/2022 12:00:00 AM
2022-05-23T07-42-39,35405,Sams Pharmacy #6435,NLP,NLP,NLP,39,05/20/2022 12:00:00 AM
2022-05-23T07-42-39,35405,Walmart Pharmacy #5256,NLP,NLP,NLP,24,05/20/2022 12:00:00 AM
2022-05-23T07-42-39,35405,CVS Store #03004,NLP,NLP,NLP,15,05/20/2022 12:00:00 AM
2022-05-23T07-42-39,35405,Pharmacy 479,NLP,NLP,NLP,39,05/19/2022 12:00:00 AM
2022-05-23T07-42-39,35405,WALGREENS STORE #18125,NLP,NLP,NLP,20,05/19/2022 12:00:00 AM
2022-05-23T07-42-39,35405,Walmart Pharmacy #715,NLP,NLP,NLP,4,05/20/2022 12:00:00 AM
2022-05-23T07-42-39,35405,WALGREENS STORE #10525,NLP,NLP,NLP,32,05/19/2022 12:00:00 AM
2022-05-23T07-42-39,35405,Sams Pharmacy #6435,NLP,NLP,NLP,39,05/20/2022 12:00:00 AM
2022-05-23T07-42-39,35405,Walmart Pharmacy #5256,NLP,NLP,NLP,24,05/20/2022 12:00:00 AM
2022-05-23T07-42-39,35405,CVS Store #03004,NLP,NLP,NLP,15,05/20/2022 12:00:00 AM
2022-05-23T07-42-39,35405,Pharmacy 479,NLP,NLP,NLP,39,05/19/2022 12:00:00 AM
2022-05-23T07-42-39,35405,WALGREENS STORE #18125,NLP,NLP,NLP,20,05/19/2022 12:00:00 AM
2022-05-23T07-42-39,35405,Walmart Pharmacy #715,NLP,NLP,NLP,4,05/20/2022 12:00:00 AM
2022-05-23T07-42-39,35405,WALGREENS STORE #10525,NLP,NLP,NLP,32,05/19/2022 12:00:00 AM
2022-05-23T07-42-39,35405,Sams Pharmacy #6435,NLP,NLP,NLP,39,05/20/2022 12:00:00 AM
2022-05-23T07-42-39,35405,Walmart Pharmacy #5256,NLP,NLP,NLP,24,05/20/2022 12:00:00 AM
2022-05-23T07-42-39,35405,CVS Store #03004,NLP,NLP,NLP,15,05/20/2022 12:00:00 AM
2022-05-23T07-42-39,35405,Pharmacy 479,NLP,NLP,NLP,39,05/19/2022 12:00:00 AM
2022-05-23T07-42-39,35405,WALGREENS STORE #18125,NLP,NLP,NLP,20,05/19/2022 12:00:00 AM
2022-05-23T07-42-39,35405,Walmart Pharmacy #715,NLP,NLP,NLP,4,05/20/2022 12:00:00 AM
2022-05-23T07-42-39,35405,WALGREENS STORE #10525,NLP,NLP,NLP,32,05/19/2022 12:00:00 AM
2022-05-23T07-42-39,35405,Sams Pharmacy #6435,NLP,NLP,NLP,39,05/20/2022 12:00:00 AM
2022-05-23T07-42-39,35405,Walmart Pharmacy #5256,NLP,NLP,NLP,24,05/20/2022 12:00:00 AM
2022-05-23T07-42-39,35405,CVS Store #03004,NLP,NLP,NLP,15,05/20/2022 12:00:00 AM
2022-05-23T07-42-39,35405,Pharmacy 479,NLP,NLP,NLP,39,05/19/2022 12:00:00 AM
2022-05-23T07-42-39,35405,WALGREENS STORE #18125,NLP,NLP,NLP,20,05/19/2022 12:00:00 AM
2022-05-23T07-42-39,35405,Walmart Pharmacy #715,NLP,NLP,NLP,4,05/20/2022 12:00:00 AM
2022-05-23T07-42-39,35405,WALGREENS STORE #10525,NLP,NLP,NLP,32,05/19/2022 12:00:00 AM
2022-05-23T07-42-39,35405,Sams Pharmacy #6435,NLP,NLP,NLP,39,05/20/2022 12:00:00 AM
2022-05-23T07-42-39,35405,Walmart Pharmacy #5256,NLP,NLP,NLP,24,05/20/2022 12:00:00 AM
2022-05-23T07-42-39,35405,CVS Store #03004,NLP,NLP,NLP,15,05/20/2022 12:00:00 AM
2022-05-23T07-42-39,35405,Pharmacy 479,NLP,NLP,NLP,39,05/19/2022 12:00:00 AM
2022-05-23T07-42-39,35405,WALGREENS STORE #18125,NLP,NLP,NLP,20,05/19/2022 12:00:00 AM
2022-05-23T07-42-39,35405,Walmart Pharmacy #715,NLP,NLP,NLP,4,05/20/2022 12:00:00 AM
2022-05-23T07-42-39,35405,WALGREENS STORE #10525,NLP,NLP,NLP,32,05/19/2022 12:00:00 AM
2022-05-23T07-42-39,35405,Sams Pharmacy #6435,NLP,NLP,NLP,39,05/20/2022 12:00:00 AM
2022-05-23T07-42-39,35405,Walmart Pharmacy #5256,NLP,NLP,NLP,24,05/20/2022 12:00:00 AM
2022-05-23T07-42-39,35405,CVS Store #03004,NLP,NLP,NLP,15,05/20/2022 12:00:00 AM
2022-05-23T07-42-39,35405,Pharmacy 479,NLP,NLP,NLP,39,05/19/2022 12:00:00 AM
2022-05-23T07-42-39,35405,WALGREENS STORE #18125,NLP,NLP,NLP,20,05/19/2022 12:00:00 AM
2022-05-23T07-42-39,35405,Walmart Pharmacy #715,NLP,NLP,NLP,4,05/20/2022 12:00:00 AM
2022-05-23T07-42-39,35405,WALGREENS STORE #10525,NLP,NLP,NLP,32,05/19/2022 12:00:00 AM
2022-05-23T07-42-39,35405,Sams Pharmacy #6435,NLP,NLP,NLP,39,05/20/2022 12:00:00 AM
2022-05-23T07-42-39,35405,Walmart Pharmacy #5256,NLP,NLP,NLP,24,05/20/2022 12:00:00 AM
2022-05-23T07-42-39,35405,CVS Store #03004,NLP,NLP,NLP,15,05/20/2022 12:00:00 AM
2022-05-23T07-42-39,35405,Pharmacy 479,NLP,NLP,NLP,39,05/19/2022 12:00:00 AM
2022-05-23T07-42-39,35405,WALGREENS STORE #18125,NLP,NLP,NLP,20,05/19/2022 12:00:00 AM
2022-05-23T07-42-39,35405,Walmart Pharmacy #715,NLP,NLP,NLP,4,05/20/2022 12:00:00 AM
2022-05-23T07-42-39,35405,WALGREENS STORE #10525,NLP,NLP,NLP,32,05/19/2022 12:00:00 AM
2022-05-23T07-42-39,35405,Sams Pharmacy #6435,NLP,NLP,NLP,39,05/20/2022 12:00:00 AM
2022-05-23T07-42-39,35405,Walmart Pharmacy #5256,NLP,NLP,NLP,24,05/20/2022 12:00:00 AM
2022-05-23T07-42-39,35405,CVS Store #03004,NLP,NLP,NLP,15,05/20/2022 12:00:00 AM
2022-05-23T07-42-39,35405,Pharmacy 479,NLP,NLP,NLP,39,05/19/2022 12:00:00 AM
2022-05-23T07-42-39,35405,WALGREENS STORE #18125,NLP,NLP,NLP,20,05/19/2022 12:00:00 AM
2022-05-23T07-42-39,35405,Walmart Pharmacy #715,NLP,NLP,NLP,4,05/20/2022 12:00:00 AM
2022-05-23T07-42-39,35405,WALGREENS STORE #10525,NLP,NLP,NLP,32,05/19/2022 12:00:00 AM
2022-05-23T07-42-39,35405,Sams Pharmacy #6435,NLP,NLP,NLP,39,05/20/2022 12:00:00 AM
2022-05-23T07-42-39,35405,Walmart Pharmacy #5256,NLP,NLP,NLP,24,05/20/2022 12:00:00 AM
2022-05-23T07-42-39,35405,CVS Store #03004,NLP,NLP,NLP,15,05/20/2022 12:00:00 AM
2022-05-23T07-42-39,35405,Pharmacy 479,NLP,NLP,NLP,39,05/19/2022 12:00:00 AM
2022-05-23T07-42-39,35405,WALGREENS STORE #18125,NLP,NLP,NLP,20,05/19/2022 12:00:00 AM
2022-05-23T07-42-39,35405,Walmart Pharmacy #715,NLP,NLP,NLP,4,05/20/2022 12:00:00 AM
2022-05-23T07-42-39,35405,WALGREENS STORE #10525,NLP,NLP,NLP,32,05/19/2022 12:00:00 AM
2022-05-23T07-42-39,35405,Sams Pharmacy #6435,NLP,NLP,NLP,39,05/20/2022 12:00:00 AM
2022-05-23T07-42-39,35405,Walmart Pharmacy #5256,NLP,NLP,NLP,24,05/20/2022 12:00:00 AM
2022-05-23T07-42-39,35405,CVS Store #03004,NLP,NLP,NLP,15,05/20/2022 12:00:00 AM
2022-05-23T07-42-39,35405,Pharmacy 479,NLP,NLP,NLP,39,05/19/2022 12:00:00 AM
2022-05-23T07-42-39,35405,WALGREENS STORE #18125,NLP,NLP,NLP,20,05/19/2022 12:00:00 AM
2022-05-23T07-42-39,35405,Walmart Pharmacy #715,NLP,NLP,NLP,4,05/20/2022 12:00:00 AM
2022-05-23T07-42-39,35405,WALGREENS STORE #10525,NLP,NLP,NLP,32,05/19/2022 12:00:00 AM
2022-05-23T07-42-39,35405,Sams Pharmacy #6435,NLP,NLP,NLP,39,05/20/2022 12:00:00 AM
2022-05-23T07-42-39,35405,Walmart Pharmacy #5256,NLP,NLP,NLP,24,05/20/2022 12:00:00 AM
2022-05-23T07-42-39,35405,CVS Store #03004,NLP,NLP,NLP,15,05/20/2022 12:00:00 AM
2022-05-23T07-42-39,35405,Pharmacy 479,NLP,NLP,NLP,39,05/19/2022 12:00:00 AM
2022-05-23T07-42-39,35405,WALGREENS STORE #18125,NLP,NLP,NLP,20,05/19/2022 12:00:00 AM
2022-05-23T07-42-39,35405,Walmart Pharmacy #715,NLP,NLP,NLP,4,05/20/2022 12:00:00 AM
2022-05-23T07-42-39,35405,WALGREENS STORE #10525,NLP,NLP,NLP,32,05/19/2022 12:00:00 AM
2022-05-23T07-42-39,35405,Sams Pharmacy #6435,NLP,NLP,NLP,39,05/20/2022 12:00:00 AM
2022-05-23T07-42-39,35405,Walmart Pharmacy #5256,NLP,NLP,NLP,24,05/20/2022 12:00:00 AM
2022-05-23T07-42-39,35405,CVS Store #03004,NLP,NLP,NLP,15,05/20/2022 12:00:00 AM
2022-05-23T07-42-39,35405,Pharmacy 479,NLP,NLP,NLP,39,05/19/2022 12:00:00 AM
2022-05-23T07-42-39,35405,WALGREENS STORE #18125,NLP,NLP,NLP,20,05/19/2022 12:00:00 AM
2022-05-23T07-42-39,35405,Walmart Pharmacy #715,NLP,NLP,NLP,4,05/20/2022 12:00:00 AM
2022-05-23T07-42-39,35405,WALGREENS STORE #10525,NLP,NLP,NLP,32,05/19/2022 12:00:00 AM
2022-05-23T07-42-39,35405,Sams Pharmacy #6435,NLP,NLP,NLP,39,05/20/2022 12:00:00 AM
2022-05-23T07-42-39,35405,Walmart Pharmacy #5256,NLP,NLP,NLP,24,05/20/2022 12:00:00 AM
2022-05-23T07-42-39,35405,CVS Store #03004,NLP,NLP,NLP,15,05/20/2022 12:00:00 AM
2022-05-23T07-42-39,35405,Pharmacy 479,NLP,NLP,NLP,39,05/19/2022 12:00:00 AM
2022-05-23T07-42-39,35405,WALGREENS STORE #18125,NLP,NLP,NLP,20,05/19/2022 12:00:00 AM
2022-05-23T07-42-39,35405,Walmart Pharmacy #715,NLP,NLP,NLP,4,05/20/2022 12:00:00 AM
2022-05-23T07-42-39,35405,WALGREENS STORE #10525,NLP,NLP,NLP,32,05/19/2022 12:00:00 AM
2022-05-23T07-42-39,35405,Sams Pharmacy #6435,NLP,NLP,NLP,39,05/20/2022 12:00:00 AM
2022-05-23T07-42-39,35405,Walmart Pharmacy #5256,NLP,NLP,NLP,24,05/20/2022 12:00:00 AM
2022-05-23T07-42-39,35405,CVS Store #03004,NLP,NLP,NLP,15,05/20/2022 12:00:00 AM
2022-05-23T07-42-39,35405,Pharmacy 479,NLP,NLP,NLP,39,05/19/2022 12:00:00 AM
2022-05-23T07-42-39,35405,WALGREENS STORE #18125,NLP,NLP,NLP,20,05/19/2022 12:00:00 AM
2022-05-23T07-42-39,35405,Walmart Pharmacy #715,NLP,NLP,NLP,4,05/20/2022 12:00:00 AM
2022-05-23T07-42-39,35405,WALGREENS STORE #10525,NLP,NLP,NLP,32,05/19/2022 12:00:00 AM
2022-05-23T07-42-39,35405,Sams Pharmacy #6435,NLP,NLP,NLP,39,05/20/2022 12:00:00 AM
2022-05-23T07-42-39,35405,Walmart Pharmacy #5256,NLP,NLP,NLP,24,05/20/2022 12:00:00 AM
2022-05-23T07-42-39,35405,CVS Store #03004,NLP,NLP,NLP,15,05/20/2022 12:00:00 AM
2022-05-24T05-46-03,35405,Walmart Pharmacy #715,NLP,NLP,NLP,4,05/23/2022 12:00:00 AM
2022-05-24T05-46-03,35405,WALGREENS STORE #18125,NLP,NLP,NLP,20,05/23/2022 12:00:00 AM
2022-05-24T05-46-03,35405,Sams Pharmacy #6435,NLP,NLP,NLP,38,05/23/2022 12:00:00 AM
2022-05-24T05-46-03,35405,CVS Store #03004,NLP,NLP,NLP,14,05/23/2022 12:00:00 AM
2022-05-24T05-46-03,35405,WALGREENS STORE #10525,NLP,NLP,NLP,30,05/23/2022 12:00:00 AM
2022-05-24T05-46-03,35405,Walmart Pharmacy #5256,NLP,NLP,NLP,21,05/23/2022 12:00:00 AM
2022-05-24T05-46-03,35405,Walmart Pharmacy #715,NLP,NLP,NLP,4,05/23/2022 12:00:00 AM
2022-05-24T05-46-03,35405,WALGREENS STORE #18125,NLP,NLP,NLP,20,05/23/2022 12:00:00 AM
2022-05-24T05-46-03,35405,Sams Pharmacy #6435,NLP,NLP,NLP,38,05/23/2022 12:00:00 AM
2022-05-24T05-46-03,35405,CVS Store #03004,NLP,NLP,NLP,14,05/23/2022 12:00:00 AM
2022-05-24T05-46-03,35405,WALGREENS STORE #10525,NLP,NLP,NLP,30,05/23/2022 12:00:00 AM
2022-05-24T05-46-03,35405,Walmart Pharmacy #5256,NLP,NLP,NLP,21,05/23/2022 12:00:00 AM
2022-05-24T05-46-03,35405,Walmart Pharmacy #715,NLP,NLP,NLP,4,05/23/2022 12:00:00 AM
2022-05-24T05-46-03,35405,WALGREENS STORE #18125,NLP,NLP,NLP,20,05/23/2022 12:00:00 AM
2022-05-24T05-46-03,35405,Sams Pharmacy #6435,NLP,NLP,NLP,38,05/23/2022 12:00:00 AM
2022-05-24T05-46-03,35405,CVS Store #03004,NLP,NLP,NLP,14,05/23/2022 12:00:00 AM
2022-05-24T05-46-03,35405,WALGREENS STORE #10525,NLP,NLP,NLP,30,05/23/2022 12:00:00 AM
2022-05-24T05-46-03,35405,Walmart Pharmacy #5256,NLP,NLP,NLP,21,05/23/2022 12:00:00 AM
2022-05-24T05-46-03,35405,Walmart Pharmacy #715,NLP,NLP,NLP,4,05/23/2022 12:00:00 AM
2022-05-24T05-46-03,35405,WALGREENS STORE #18125,NLP,NLP,NLP,20,05/23/2022 12:00:00 AM
2022-05-24T05-46-03,35405,Sams Pharmacy #6435,NLP,NLP,NLP,38,05/23/2022 12:00:00 AM
2022-05-24T05-46-03,35405,CVS Store #03004,NLP,NLP,NLP,14,05/23/2022 12:00:00 AM
2022-05-24T05-46-03,35405,WALGREENS STORE #10525,NLP,NLP,NLP,30,05/23/2022 12:00:00 AM
2022-05-24T05-46-03,35405,Walmart Pharmacy #5256,NLP,NLP,NLP,21,05/23/2022 12:00:00 AM
2022-05-24T05-46-03,35405,Walmart Pharmacy #715,NLP,NLP,NLP,4,05/23/2022 12:00:00 AM
2022-05-24T05-46-03,35405,WALGREENS STORE #18125,NLP,NLP,NLP,20,05/23/2022 12:00:00 AM
2022-05-24T05-46-03,35405,Sams Pharmacy #6435,NLP,NLP,NLP,38,05/23/2022 12:00:00 AM
2022-05-24T05-46-03,35405,CVS Store #03004,NLP,NLP,NLP,14,05/23/2022 12:00:00 AM
2022-05-24T05-46-03,35405,WALGREENS STORE #10525,NLP,NLP,NLP,30,05/23/2022 12:00:00 AM
2022-05-24T05-46-03,35405,Walmart Pharmacy #5256,NLP,NLP,NLP,21,05/23/2022 12:00:00 AM
2022-05-24T05-46-03,35405,Walmart Pharmacy #715,NLP,NLP,NLP,4,05/23/2022 12:00:00 AM
2022-05-24T05-46-03,35405,WALGREENS STORE #18125,NLP,NLP,NLP,20,05/23/2022 12:00:00 AM
2022-05-24T05-46-03,35405,Sams Pharmacy #6435,NLP,NLP,NLP,38,05/23/2022 12:00:00 AM
2022-05-24T05-46-03,35405,CVS Store #03004,NLP,NLP,NLP,14,05/23/2022 12:00:00 AM
2022-05-24T05-46-03,35405,WALGREENS STORE #10525,NLP,NLP,NLP,30,05/23/2022 12:00:00 AM
2022-05-24T05-46-03,35405,Walmart Pharmacy #5256,NLP,NLP,NLP,21,05/23/2022 12:00:00 AM
2022-05-24T05-46-03,35405,Walmart Pharmacy #715,NLP,NLP,NLP,4,05/23/2022 12:00:00 AM
2022-05-24T05-46-03,35405,WALGREENS STORE #18125,NLP,NLP,NLP,20,05/23/2022 12:00:00 AM
2022-05-24T05-46-03,35405,Sams Pharmacy #6435,NLP,NLP,NLP,38,05/23/2022 12:00:00 AM
2022-05-24T05-46-03,35405,CVS Store #03004,NLP,NLP,NLP,14,05/23/2022 12:00:00 AM
2022-05-24T05-46-03,35405,WALGREENS STORE #10525,NLP,NLP,NLP,30,05/23/2022 12:00:00 AM
2022-05-24T05-46-03,35405,Walmart Pharmacy #5256,NLP,NLP,NLP,21,05/23/2022 12:00:00 AM
2022-05-24T05-46-03,35405,Walmart Pharmacy #715,NLP,NLP,NLP,4,05/23/2022 12:00:00 AM
2022-05-24T05-46-03,35405,WALGREENS STORE #18125,NLP,NLP,NLP,20,05/23/2022 12:00:00 AM
2022-05-24T05-46-03,35405,Sams Pharmacy #6435,NLP,NLP,NLP,38,05/23/2022 12:00:00 AM
2022-05-24T05-46-03,35405,CVS Store #03004,NLP,NLP,NLP,14,05/23/2022 12:00:00 AM
2022-05-24T05-46-03,35405,WALGREENS STORE #10525,NLP,NLP,NLP,30,05/23/2022 12:00:00 AM
2022-05-24T05-46-03,35405,Walmart Pharmacy #5256,NLP,NLP,NLP,21,05/23/2022 12:00:00 AM
2022-05-24T05-46-03,35405,Walmart Pharmacy #715,NLP,NLP,NLP,4,05/23/2022 12:00:00 AM
2022-05-24T05-46-03,35405,WALGREENS STORE #18125,NLP,NLP,NLP,20,05/23/2022 12:00:00 AM
2022-05-24T05-46-03,35405,Sams Pharmacy #6435,NLP,NLP,NLP,38,05/23/2022 12:00:00 AM
2022-05-24T05-46-03,35405,CVS Store #03004,NLP,NLP,NLP,14,05/23/2022 12:00:00 AM
2022-05-24T05-46-03,35405,WALGREENS STORE #10525,NLP,NLP,NLP,30,05/23/2022 12:00:00 AM
2022-05-24T05-46-03,35405,Walmart Pharmacy #5256,NLP,NLP,NLP,21,05/23/2022 12:00:00 AM
2022-05-24T05-46-03,35405,Walmart Pharmacy #715,NLP,NLP,NLP,4,05/23/2022 12:00:00 AM
2022-05-24T05-46-03,35405,WALGREENS STORE #18125,NLP,NLP,NLP,20,05/23/2022 12:00:00 AM
2022-05-24T05-46-03,35405,Sams Pharmacy #6435,NLP,NLP,NLP,38,05/23/2022 12:00:00 AM
2022-05-24T05-46-03,35405,CVS Store #03004,NLP,NLP,NLP,14,05/23/2022 12:00:00 AM
2022-05-24T05-46-03,35405,WALGREENS STORE #10525,NLP,NLP,NLP,30,05/23/2022 12:00:00 AM
2022-05-24T05-46-03,35405,Walmart Pharmacy #5256,NLP,NLP,NLP,21,05/23/2022 12:00:00 AM
2022-05-24T05-46-03,35405,Walmart Pharmacy #715,NLP,NLP,NLP,4,05/23/2022 12:00:00 AM
2022-05-24T05-46-03,35405,WALGREENS STORE #18125,NLP,NLP,NLP,20,05/23/2022 12:00:00 AM
2022-05-24T05-46-03,35405,Sams Pharmacy #6435,NLP,NLP,NLP,38,05/23/2022 12:00:00 AM
2022-05-24T05-46-03,35405,CVS Store #03004,NLP,NLP,NLP,14,05/23/2022 12:00:00 AM
2022-05-24T05-46-03,35405,WALGREENS STORE #10525,NLP,NLP,NLP,30,05/23/2022 12:00:00 AM
2022-05-24T05-46-03,35405,Walmart Pharmacy #5256,NLP,NLP,NLP,21,05/23/2022 12:00:00 AM
2022-05-24T05-46-03,35405,Walmart Pharmacy #715,NLP,NLP,NLP,4,05/23/2022 12:00:00 AM
2022-05-24T05-46-03,35405,WALGREENS STORE #18125,NLP,NLP,NLP,20,05/23/2022 12:00:00 AM
2022-05-24T05-46-03,35405,Sams Pharmacy #6435,NLP,NLP,NLP,38,05/23/2022 12:00:00 AM
2022-05-24T05-46-03,35405,CVS Store #03004,NLP,NLP,NLP,14,05/23/2022 12:00:00 AM
2022-05-24T05-46-03,35405,WALGREENS STORE #10525,NLP,NLP,NLP,30,05/23/2022 12:00:00 AM
2022-05-24T05-46-03,35405,Walmart Pharmacy #5256,NLP,NLP,NLP,21,05/23/2022 12:00:00 AM
2022-05-24T05-46-03,35405,Walmart Pharmacy #715,NLP,NLP,NLP,4,05/23/2022 12:00:00 AM
2022-05-24T05-46-03,35405,WALGREENS STORE #18125,NLP,NLP,NLP,20,05/23/2022 12:00:00 AM
2022-05-24T05-46-03,35405,Sams Pharmacy #6435,NLP,NLP,NLP,38,05/23/2022 12:00:00 AM
2022-05-24T05-46-03,35405,CVS Store #03004,NLP,NLP,NLP,14,05/23/2022 12:00:00 AM
2022-05-24T05-46-03,35405,WALGREENS STORE #10525,NLP,NLP,NLP,30,05/23/2022 12:00:00 AM
2022-05-24T05-46-03,35405,Walmart Pharmacy #5256,NLP,NLP,NLP,21,05/23/2022 12:00:00 AM
2022-05-24T05-46-03,35405,Walmart Pharmacy #715,NLP,NLP,NLP,4,05/23/2022 12:00:00 AM
2022-05-24T05-46-03,35405,WALGREENS STORE #18125,NLP,NLP,NLP,20,05/23/2022 12:00:00 AM
2022-05-24T05-46-03,35405,Sams Pharmacy #6435,NLP,NLP,NLP,38,05/23/2022 12:00:00 AM
2022-05-24T05-46-03,35405,CVS Store #03004,NLP,NLP,NLP,14,05/23/2022 12:00:00 AM
2022-05-24T05-46-03,35405,WALGREENS STORE #10525,NLP,NLP,NLP,30,05/23/2022 12:00:00 AM
2022-05-24T05-46-03,35405,Walmart Pharmacy #5256,NLP,NLP,NLP,21,05/23/2022 12:00:00 AM
2022-05-24T05-46-03,35405,Walmart Pharmacy #715,NLP,NLP,NLP,4,05/23/2022 12:00:00 AM
2022-05-24T05-46-03,35405,WALGREENS STORE #18125,NLP,NLP,NLP,20,05/23/2022 12:00:00 AM
2022-05-24T05-46-03,35405,Sams Pharmacy #6435,NLP,NLP,NLP,38,05/23/2022 12:00:00 AM
2022-05-24T05-46-03,35405,CVS Store #03004,NLP,NLP,NLP,14,05/23/2022 12:00:00 AM
2022-05-24T05-46-03,35405,WALGREENS STORE #10525,NLP,NLP,NLP,30,05/23/2022 12:00:00 AM
2022-05-24T05-46-03,35405,Walmart Pharmacy #5256,NLP,NLP,NLP,21,05/23/2022 12:00:00 AM
2022-05-24T05-46-03,35405,Walmart Pharmacy #715,NLP,NLP,NLP,4,05/23/2022 12:00:00 AM
2022-05-24T05-46-03,35405,WALGREENS STORE #18125,NLP,NLP,NLP,20,05/23/2022 12:00:00 AM
2022-05-24T05-46-03,35405,Sams Pharmacy #6435,NLP,NLP,NLP,38,05/23/2022 12:00:00 AM
2022-05-24T05-46-03,35405,CVS Store #03004,NLP,NLP,NLP,14,05/23/2022 12:00:00 AM
2022-05-24T05-46-03,35405,WALGREENS STORE #10525,NLP,NLP,NLP,30,05/23/2022 12:00:00 AM
2022-05-24T05-46-03,35405,Walmart Pharmacy #5256,NLP,NLP,NLP,21,05/23/2022 12:00:00 AM
2022-05-24T05-46-03,35405,Walmart Pharmacy #715,NLP,NLP,NLP,4,05/23/2022 12:00:00 AM
2022-05-24T05-46-03,35405,WALGREENS STORE #18125,NLP,NLP,NLP,20,05/23/2022 12:00:00 AM
2022-05-24T05-46-03,35405,Sams Pharmacy #6435,NLP,NLP,NLP,38,05/23/2022 12:00:00 AM
2022-05-24T05-46-03,35405,CVS Store #03004,NLP,NLP,NLP,14,05/23/2022 12:00:00 AM
2022-05-24T05-46-03,35405,WALGREENS STORE #10525,NLP,NLP,NLP,30,05/23/2022 12:00:00 AM
2022-05-24T05-46-03,35405,Walmart Pharmacy #5256,NLP,NLP,NLP,21,05/23/2022 12:00:00 AM
2022-05-24T05-46-03,35405,Walmart Pharmacy #715,NLP,NLP,NLP,4,05/23/2022 12:00:00 AM
2022-05-24T05-46-03,35405,WALGREENS STORE #18125,NLP,NLP,NLP,20,05/23/2022 12:00:00 AM
2022-05-24T05-46-03,35405,Sams Pharmacy #6435,NLP,NLP,NLP,38,05/23/2022 12:00:00 AM
2022-05-24T05-46-03,35405,CVS Store #03004,NLP,NLP,NLP,14,05/23/2022 12:00:00 AM
2022-05-24T05-46-03,35405,WALGREENS STORE #10525,NLP,NLP,NLP,30,05/23/2022 12:00:00 AM
2022-05-24T05-46-03,35405,Walmart Pharmacy #5256,NLP,NLP,NLP,21,05/23/2022 12:00:00 AM
2022-05-24T05-46-03,35405,Walmart Pharmacy #715,NLP,NLP,NLP,4,05/23/2022 12:00:00 AM
2022-05-24T05-46-03,35405,WALGREENS STORE #18125,NLP,NLP,NLP,20,05/23/2022 12:00:00 AM
2022-05-24T05-46-03,35405,Sams Pharmacy #6435,NLP,NLP,NLP,38,05/23/2022 12:00:00 AM
2022-05-24T05-46-03,35405,CVS Store #03004,NLP,NLP,NLP,14,05/23/2022 12:00:00 AM
2022-05-24T05-46-03,35405,WALGREENS STORE #10525,NLP,NLP,NLP,30,05/23/2022 12:00:00 AM
2022-05-24T05-46-03,35405,Walmart Pharmacy #5256,NLP,NLP,NLP,21,05/23/2022 12:00:00 AM
2022-05-24T05-46-03,35405,Walmart Pharmacy #715,NLP,NLP,NLP,4,05/23/2022 12:00:00 AM
2022-05-24T05-46-03,35405,WALGREENS STORE #18125,NLP,NLP,NLP,20,05/23/2022 12:00:00 AM
2022-05-24T05-46-03,35405,Sams Pharmacy #6435,NLP,NLP,NLP,38,05/23/2022 12:00:00 AM
2022-05-24T05-46-03,35405,CVS Store #03004,NLP,NLP,NLP,14,05/23/2022 12:00:00 AM
2022-05-24T05-46-03,35405,WALGREENS STORE #10525,NLP,NLP,NLP,30,05/23/2022 12:00:00 AM
2022-05-24T05-46-03,35405,Walmart Pharmacy #5256,NLP,NLP,NLP,21,05/23/2022 12:00:00 AM
2022-05-24T05-46-03,35405,Walmart Pharmacy #715,NLP,NLP,NLP,4,05/23/2022 12:00:00 AM
2022-05-24T05-46-03,35405,WALGREENS STORE #18125,NLP,NLP,NLP,20,05/23/2022 12:00:00 AM
2022-05-24T05-46-03,35405,Sams Pharmacy #6435,NLP,NLP,NLP,38,05/23/2022 12:00:00 AM
2022-05-24T05-46-03,35405,CVS Store #03004,NLP,NLP,NLP,14,05/23/2022 12:00:00 AM
2022-05-24T05-46-03,35405,WALGREENS STORE #10525,NLP,NLP,NLP,30,05/23/2022 12:00:00 AM
2022-05-24T05-46-03,35405,Walmart Pharmacy #5256,NLP,NLP,NLP,21,05/23/2022 12:00:00 AM
2022-05-24T05-46-03,35405,Walmart Pharmacy #715,NLP,NLP,NLP,4,05/23/2022 12:00:00 AM
2022-05-24T05-46-03,35405,WALGREENS STORE #18125,NLP,NLP,NLP,20,05/23/2022 12:00:00 AM
2022-05-24T05-46-03,35405,Sams Pharmacy #6435,NLP,NLP,NLP,38,05/23/2022 12:00:00 AM
2022-05-24T05-46-03,35405,CVS Store #03004,NLP,NLP,NLP,14,05/23/2022 12:00:00 AM
2022-05-24T05-46-03,35405,WALGREENS STORE #10525,NLP,NLP,NLP,30,05/23/2022 12:00:00 AM
2022-05-24T05-46-03,35405,Walmart Pharmacy #5256,NLP,NLP,NLP,21,05/23/2022 12:00:00 AM
2022-05-25T05-39-27,35405,WALGREENS STORE #18125,NLP,NLP,NLP,20,05/24/2022 12:00:00 AM
2022-05-25T05-39-27,35405,Walmart Pharmacy #5256,NLP,NLP,NLP,19,05/24/2022 12:00:00 AM
2022-05-25T05-39-27,35405,WALGREENS STORE #10525,NLP,NLP,NLP,30,05/24/2022 12:00:00 AM
2022-05-25T05-39-27,35405,Sams Pharmacy #6435,NLP,NLP,NLP,37,05/24/2022 12:00:00 AM
2022-05-25T05-39-27,35405,CVS Store #03004,NLP,NLP,NLP,14,05/24/2022 12:00:00 AM
2022-05-25T05-39-27,35405,WALGREENS STORE #18125,NLP,NLP,NLP,20,05/24/2022 12:00:00 AM
2022-05-25T05-39-27,35405,Walmart Pharmacy #5256,NLP,NLP,NLP,19,05/24/2022 12:00:00 AM
2022-05-25T05-39-27,35405,WALGREENS STORE #10525,NLP,NLP,NLP,30,05/24/2022 12:00:00 AM
2022-05-25T05-39-27,35405,Sams Pharmacy #6435,NLP,NLP,NLP,37,05/24/2022 12:00:00 AM
2022-05-25T05-39-27,35405,CVS Store #03004,NLP,NLP,NLP,14,05/24/2022 12:00:00 AM
2022-05-25T05-39-27,35405,WALGREENS STORE #18125,NLP,NLP,NLP,20,05/24/2022 12:00:00 AM
2022-05-25T05-39-27,35405,Walmart Pharmacy #5256,NLP,NLP,NLP,19,05/24/2022 12:00:00 AM
2022-05-25T05-39-27,35405,WALGREENS STORE #10525,NLP,NLP,NLP,30,05/24/2022 12:00:00 AM
2022-05-25T05-39-27,35405,Sams Pharmacy #6435,NLP,NLP,NLP,37,05/24/2022 12:00:00 AM
2022-05-25T05-39-27,35405,CVS Store #03004,NLP,NLP,NLP,14,05/24/2022 12:00:00 AM
2022-05-25T05-39-27,35405,WALGREENS STORE #18125,NLP,NLP,NLP,20,05/24/2022 12:00:00 AM
2022-05-25T05-39-27,35405,Walmart Pharmacy #5256,NLP,NLP,NLP,19,05/24/2022 12:00:00 AM
2022-05-25T05-39-27,35405,WALGREENS STORE #10525,NLP,NLP,NLP,30,05/24/2022 12:00:00 AM
2022-05-25T05-39-27,35405,Sams Pharmacy #6435,NLP,NLP,NLP,37,05/24/2022 12:00:00 AM
2022-05-25T05-39-27,35405,CVS Store #03004,NLP,NLP,NLP,14,05/24/2022 12:00:00 AM
2022-05-25T05-39-27,35405,WALGREENS STORE #18125,NLP,NLP,NLP,20,05/24/2022 12:00:00 AM
2022-05-25T05-39-27,35405,Walmart Pharmacy #5256,NLP,NLP,NLP,19,05/24/2022 12:00:00 AM
2022-05-25T05-39-27,35405,WALGREENS STORE #10525,NLP,NLP,NLP,30,05/24/2022 12:00:00 AM
2022-05-25T05-39-27,35405,Sams Pharmacy #6435,NLP,NLP,NLP,37,05/24/2022 12:00:00 AM
2022-05-25T05-39-27,35405,CVS Store #03004,NLP,NLP,NLP,14,05/24/2022 12:00:00 AM
2022-05-25T05-39-27,35405,WALGREENS STORE #18125,NLP,NLP,NLP,20,05/24/2022 12:00:00 AM
2022-05-25T05-39-27,35405,Walmart Pharmacy #5256,NLP,NLP,NLP,19,05/24/2022 12:00:00 AM
2022-05-25T05-39-27,35405,WALGREENS STORE #10525,NLP,NLP,NLP,30,05/24/2022 12:00:00 AM
2022-05-25T05-39-27,35405,Sams Pharmacy #6435,NLP,NLP,NLP,37,05/24/2022 12:00:00 AM
2022-05-25T05-39-27,35405,CVS Store #03004,NLP,NLP,NLP,14,05/24/2022 12:00:00 AM
2022-05-25T05-39-27,35405,WALGREENS STORE #18125,NLP,NLP,NLP,20,05/24/2022 12:00:00 AM
2022-05-25T05-39-27,35405,Walmart Pharmacy #5256,NLP,NLP,NLP,19,05/24/2022 12:00:00 AM
2022-05-25T05-39-27,35405,WALGREENS STORE #10525,NLP,NLP,NLP,30,05/24/2022 12:00:00 AM
2022-05-25T05-39-27,35405,Sams Pharmacy #6435,NLP,NLP,NLP,37,05/24/2022 12:00:00 AM
2022-05-25T05-39-27,35405,CVS Store #03004,NLP,NLP,NLP,14,05/24/2022 12:00:00 AM
2022-05-25T05-39-27,35405,WALGREENS STORE #18125,NLP,NLP,NLP,20,05/24/2022 12:00:00 AM
2022-05-25T05-39-27,35405,Walmart Pharmacy #5256,NLP,NLP,NLP,19,05/24/2022 12:00:00 AM
2022-05-25T05-39-27,35405,WALGREENS STORE #10525,NLP,NLP,NLP,30,05/24/2022 12:00:00 AM
2022-05-25T05-39-27,35405,Sams Pharmacy #6435,NLP,NLP,NLP,37,05/24/2022 12:00:00 AM
2022-05-25T05-39-27,35405,CVS Store #03004,NLP,NLP,NLP,14,05/24/2022 12:00:00 AM
2022-05-25T05-39-27,35405,WALGREENS STORE #18125,NLP,NLP,NLP,20,05/24/2022 12:00:00 AM
2022-05-25T05-39-27,35405,Walmart Pharmacy #5256,NLP,NLP,NLP,19,05/24/2022 12:00:00 AM
2022-05-25T05-39-27,35405,WALGREENS STORE #10525,NLP,NLP,NLP,30,05/24/2022 12:00:00 AM
2022-05-25T05-39-27,35405,Sams Pharmacy #6435,NLP,NLP,NLP,37,05/24/2022 12:00:00 AM
2022-05-25T05-39-27,35405,CVS Store #03004,NLP,NLP,NLP,14,05/24/2022 12:00:00 AM
2022-05-25T05-39-27,35405,WALGREENS STORE #18125,NLP,NLP,NLP,20,05/24/2022 12:00:00 AM
2022-05-25T05-39-27,35405,Walmart Pharmacy #5256,NLP,NLP,NLP,19,05/24/2022 12:00:00 AM
2022-05-25T05-39-27,35405,WALGREENS STORE #10525,NLP,NLP,NLP,30,05/24/2022 12:00:00 AM
2022-05-25T05-39-27,35405,Sams Pharmacy #6435,NLP,NLP,NLP,37,05/24/2022 12:00:00 AM
2022-05-25T05-39-27,35405,CVS Store #03004,NLP,NLP,NLP,14,05/24/2022 12:00:00 AM
2022-05-25T05-39-27,35405,WALGREENS STORE #18125,NLP,NLP,NLP,20,05/24/2022 12:00:00 AM
2022-05-25T05-39-27,35405,Walmart Pharmacy #5256,NLP,NLP,NLP,19,05/24/2022 12:00:00 AM
2022-05-25T05-39-27,35405,WALGREENS STORE #10525,NLP,NLP,NLP,30,05/24/2022 12:00:00 AM
2022-05-25T05-39-27,35405,Sams Pharmacy #6435,NLP,NLP,NLP,37,05/24/2022 12:00:00 AM
2022-05-25T05-39-27,35405,CVS Store #03004,NLP,NLP,NLP,14,05/24/2022 12:00:00 AM
2022-05-25T05-39-27,35405,WALGREENS STORE #18125,NLP,NLP,NLP,20,05/24/2022 12:00:00 AM
2022-05-25T05-39-27,35405,Walmart Pharmacy #5256,NLP,NLP,NLP,19,05/24/2022 12:00:00 AM
2022-05-25T05-39-27,35405,WALGREENS STORE #10525,NLP,NLP,NLP,30,05/24/2022 12:00:00 AM
2022-05-25T05-39-27,35405,Sams Pharmacy #6435,NLP,NLP,NLP,37,05/24/2022 12:00:00 AM
2022-05-25T05-39-27,35405,CVS Store #03004,NLP,NLP,NLP,14,05/24/2022 12:00:00 AM
2022-05-25T05-39-27,35405,WALGREENS STORE #18125,NLP,NLP,NLP,20,05/24/2022 12:00:00 AM
2022-05-25T05-39-27,35405,Walmart Pharmacy #5256,NLP,NLP,NLP,19,05/24/2022 12:00:00 AM
2022-05-25T05-39-27,35405,WALGREENS STORE #10525,NLP,NLP,NLP,30,05/24/2022 12:00:00 AM
2022-05-25T05-39-27,35405,Sams Pharmacy #6435,NLP,NLP,NLP,37,05/24/2022 12:00:00 AM
2022-05-25T05-39-27,35405,CVS Store #03004,NLP,NLP,NLP,14,05/24/2022 12:00:00 AM
2022-05-25T05-39-27,35405,WALGREENS STORE #18125,NLP,NLP,NLP,20,05/24/2022 12:00:00 AM
2022-05-25T05-39-27,35405,Walmart Pharmacy #5256,NLP,NLP,NLP,19,05/24/2022 12:00:00 AM
2022-05-25T05-39-27,35405,WALGREENS STORE #10525,NLP,NLP,NLP,30,05/24/2022 12:00:00 AM
2022-05-25T05-39-27,35405,Sams Pharmacy #6435,NLP,NLP,NLP,37,05/24/2022 12:00:00 AM
2022-05-25T05-39-27,35405,CVS Store #03004,NLP,NLP,NLP,14,05/24/2022 12:00:00 AM
2022-05-25T05-39-27,35405,WALGREENS STORE #18125,NLP,NLP,NLP,20,05/24/2022 12:00:00 AM
2022-05-25T05-39-27,35405,Walmart Pharmacy #5256,NLP,NLP,NLP,19,05/24/2022 12:00:00 AM
2022-05-25T05-39-27,35405,WALGREENS STORE #10525,NLP,NLP,NLP,30,05/24/2022 12:00:00 AM
2022-05-25T05-39-27,35405,Sams Pharmacy #6435,NLP,NLP,NLP,37,05/24/2022 12:00:00 AM
2022-05-25T05-39-27,35405,CVS Store #03004,NLP,NLP,NLP,14,05/24/2022 12:00:00 AM
2022-05-25T05-39-27,35405,WALGREENS STORE #18125,NLP,NLP,NLP,20,05/24/2022 12:00:00 AM
2022-05-25T05-39-27,35405,Walmart Pharmacy #5256,NLP,NLP,NLP,19,05/24/2022 12:00:00 AM
2022-05-25T05-39-27,35405,WALGREENS STORE #10525,NLP,NLP,NLP,30,05/24/2022 12:00:00 AM
2022-05-25T05-39-27,35405,Sams Pharmacy #6435,NLP,NLP,NLP,37,05/24/2022 12:00:00 AM
2022-05-25T05-39-27,35405,CVS Store #03004,NLP,NLP,NLP,14,05/24/2022 12:00:00 AM
2022-05-25T05-39-27,35405,WALGREENS STORE #18125,NLP,NLP,NLP,20,05/24/2022 12:00:00 AM
2022-05-25T05-39-27,35405,Walmart Pharmacy #5256,NLP,NLP,NLP,19,05/24/2022 12:00:00 AM
2022-05-25T05-39-27,35405,WALGREENS STORE #10525,NLP,NLP,NLP,30,05/24/2022 12:00:00 AM
2022-05-25T05-39-27,35405,Sams Pharmacy #6435,NLP,NLP,NLP,37,05/24/2022 12:00:00 AM
2022-05-25T05-39-27,35405,CVS Store #03004,NLP,NLP,NLP,14,05/24/2022 12:00:00 AM
2022-05-25T05-39-27,35405,WALGREENS STORE #18125,NLP,NLP,NLP,20,05/24/2022 12:00:00 AM
2022-05-25T05-39-27,35405,Walmart Pharmacy #5256,NLP,NLP,NLP,19,05/24/2022 12:00:00 AM
2022-05-25T05-39-27,35405,WALGREENS STORE #10525,NLP,NLP,NLP,30,05/24/2022 12:00:00 AM
2022-05-25T05-39-27,35405,Sams Pharmacy #6435,NLP,NLP,NLP,37,05/24/2022 12:00:00 AM
2022-05-25T05-39-27,35405,CVS Store #03004,NLP,NLP,NLP,14,05/24/2022 12:00:00 AM
2022-05-25T05-39-27,35405,WALGREENS STORE #18125,NLP,NLP,NLP,20,05/24/2022 12:00:00 AM
2022-05-25T05-39-27,35405,Walmart Pharmacy #5256,NLP,NLP,NLP,19,05/24/2022 12:00:00 AM
2022-05-25T05-39-27,35405,WALGREENS STORE #10525,NLP,NLP,NLP,30,05/24/2022 12:00:00 AM
2022-05-25T05-39-27,35405,Sams Pharmacy #6435,NLP,NLP,NLP,37,05/24/2022 12:00:00 AM
2022-05-25T05-39-27,35405,CVS Store #03004,NLP,NLP,NLP,14,05/24/2022 12:00:00 AM
2022-05-25T05-39-27,35405,WALGREENS STORE #18125,NLP,NLP,NLP,20,05/24/2022 12:00:00 AM
2022-05-25T05-39-27,35405,Walmart Pharmacy #5256,NLP,NLP,NLP,19,05/24/2022 12:00:00 AM
2022-05-25T05-39-27,35405,WALGREENS STORE #10525,NLP,NLP,NLP,30,05/24/2022 12:00:00 AM
2022-05-25T05-39-27,35405,Sams Pharmacy #6435,NLP,NLP,NLP,37,05/24/2022 12:00:00 AM
2022-05-25T05-39-27,35405,CVS Store #03004,NLP,NLP,NLP,14,05/24/2022 12:00:00 AM
2022-05-25T05-39-27,35405,WALGREENS STORE #18125,NLP,NLP,NLP,20,05/24/2022 12:00:00 AM
2022-05-25T05-39-27,35405,Walmart Pharmacy #5256,NLP,NLP,NLP,19,05/24/2022 12:00:00 AM
2022-05-25T05-39-27,35405,WALGREENS STORE #10525,NLP,NLP,NLP,30,05/24/2022 12:00:00 AM
2022-05-25T05-39-27,35405,Sams Pharmacy #6435,NLP,NLP,NLP,37,05/24/2022 12:00:00 AM
2022-05-25T05-39-27,35405,CVS Store #03004,NLP,NLP,NLP,14,05/24/2022 12:00:00 AM
2022-05-25T05-39-27,35405,WALGREENS STORE #18125,NLP,NLP,NLP,20,05/24/2022 12:00:00 AM
2022-05-25T05-39-27,35405,Walmart Pharmacy #5256,NLP,NLP,NLP,19,05/24/2022 12:00:00 AM
2022-05-25T05-39-27,35405,WALGREENS STORE #10525,NLP,NLP,NLP,30,05/24/2022 12:00:00 AM
2022-05-25T05-39-27,35405,Sams Pharmacy #6435,NLP,NLP,NLP,37,05/24/2022 12:00:00 AM
2022-05-25T05-39-27,35405,CVS Store #03004,NLP,NLP,NLP,14,05/24/2022 12:00:00 AM
2022-05-25T05-39-27,35405,WALGREENS STORE #18125,NLP,NLP,NLP,20,05/24/2022 12:00:00 AM
2022-05-25T05-39-27,35405,Walmart Pharmacy #5256,NLP,NLP,NLP,19,05/24/2022 12:00:00 AM
2022-05-25T05-39-27,35405,WALGREENS STORE #10525,NLP,NLP,NLP,30,05/24/2022 12:00:00 AM
2022-05-25T05-39-27,35405,Sams Pharmacy #6435,NLP,NLP,NLP,37,05/24/2022 12:00:00 AM
2022-05-25T05-39-27,35405,CVS Store #03004,NLP,NLP,NLP,14,05/24/2022 12:00:00 AM
2022-05-25T05-39-27,35405,WALGREENS STORE #18125,NLP,NLP,NLP,20,05/24/2022 12:00:00 AM
2022-05-25T05-39-27,35405,Walmart Pharmacy #5256,NLP,NLP,NLP,19,05/24/2022 12:00:00 AM
2022-05-25T05-39-27,35405,WALGREENS STORE #10525,NLP,NLP,NLP,30,05/24/2022 12:00:00 AM
2022-05-25T05-39-27,35405,Sams Pharmacy #6435,NLP,NLP,NLP,37,05/24/2022 12:00:00 AM
2022-05-25T05-39-27,35405,CVS Store #03004,NLP,NLP,NLP,14,05/24/2022 12:00:00 AM
2022-05-25T05-39-27,35405,WALGREENS STORE #18125,NLP,NLP,NLP,20,05/24/2022 12:00:00 AM
2022-05-25T05-39-27,35405,Walmart Pharmacy #5256,NLP,NLP,NLP,19,05/24/2022 12:00:00 AM
2022-05-25T05-39-27,35405,WALGREENS STORE #10525,NLP,NLP,NLP,30,05/24/2022 12:00:00 AM
2022-05-25T05-39-27,35405,Sams Pharmacy #6435,NLP,NLP,NLP,37,05/24/2022 12:00:00 AM
2022-05-25T05-39-27,35405,CVS Store #03004,NLP,NLP,NLP,14,05/24/2022 12:00:00 AM
2022-05-26T07-59-29,35405,Walmart Pharmacy #715,NLP,NLP,NLP,19,05/25/2022 12:00:00 AM
2022-05-26T07-59-29,35405,WALGREENS STORE #18125,NLP,NLP,NLP,20,05/25/2022 12:00:00 AM
2022-05-26T07-59-29,35405,Walmart Pharmacy #5256,NLP,NLP,NLP,17,05/25/2022 12:00:00 AM
2022-05-26T07-59-29,35405,Sams Pharmacy #6435,NLP,NLP,NLP,37,05/25/2022 12:00:00 AM
2022-05-26T07-59-29,35405,CVS Store #03004,NLP,NLP,NLP,14,05/24/2022 12:00:00 AM
2022-05-26T07-59-29,35405,WALGREENS STORE #10525,NLP,NLP,NLP,30,05/25/2022 12:00:00 AM
2022-05-26T07-59-29,35405,Walmart Pharmacy #715,NLP,NLP,NLP,19,05/25/2022 12:00:00 AM
2022-05-26T07-59-29,35405,WALGREENS STORE #18125,NLP,NLP,NLP,20,05/25/2022 12:00:00 AM
2022-05-26T07-59-29,35405,Walmart Pharmacy #5256,NLP,NLP,NLP,17,05/25/2022 12:00:00 AM
2022-05-26T07-59-29,35405,Sams Pharmacy #6435,NLP,NLP,NLP,37,05/25/2022 12:00:00 AM
2022-05-26T07-59-29,35405,CVS Store #03004,NLP,NLP,NLP,14,05/24/2022 12:00:00 AM
2022-05-26T07-59-29,35405,WALGREENS STORE #10525,NLP,NLP,NLP,30,05/25/2022 12:00:00 AM
2022-05-26T07-59-29,35405,Walmart Pharmacy #715,NLP,NLP,NLP,19,05/25/2022 12:00:00 AM
2022-05-26T07-59-29,35405,WALGREENS STORE #18125,NLP,NLP,NLP,20,05/25/2022 12:00:00 AM
2022-05-26T07-59-29,35405,Walmart Pharmacy #5256,NLP,NLP,NLP,17,05/25/2022 12:00:00 AM
2022-05-26T07-59-29,35405,Sams Pharmacy #6435,NLP,NLP,NLP,37,05/25/2022 12:00:00 AM
2022-05-26T07-59-29,35405,CVS Store #03004,NLP,NLP,NLP,14,05/24/2022 12:00:00 AM
2022-05-26T07-59-29,35405,WALGREENS STORE #10525,NLP,NLP,NLP,30,05/25/2022 12:00:00 AM
2022-05-27T05-48-57,35405,Walmart Pharmacy #715,NLP,NLP,NLP,19,05/26/2022 12:00:00 AM
2022-05-27T05-48-57,35405,WALGREENS STORE #18125,NLP,NLP,NLP,40,05/26/2022 12:00:00 AM
2022-05-27T05-48-57,35405,Sams Pharmacy #6435,NLP,NLP,NLP,37,05/26/2022 12:00:00 AM
2022-05-27T05-48-57,35405,CVS Store #03004,NLP,NLP,NLP,11,05/26/2022 12:00:00 AM
2022-05-27T05-48-57,35405,Walmart Pharmacy #5256,NLP,NLP,NLP,14,05/26/2022 12:00:00 AM
2022-05-27T05-48-57,35405,WALGREENS STORE #10525,NLP,NLP,NLP,28,05/26/2022 12:00:00 AM
2022-05-28T05-34-18,35405,Walmart Pharmacy #715,NLP,NLP,NLP,19,05/26/2022 12:00:00 AM
2022-05-28T05-34-18,35405,WALGREENS STORE #18125,NLP,NLP,NLP,40,05/26/2022 12:00:00 AM
2022-05-28T05-34-18,35405,WALGREENS STORE #10525,NLP,NLP,NLP,28,05/26/2022 12:00:00 AM
2022-05-28T05-34-18,35405,Sams Pharmacy #6435,NLP,NLP,NLP,37,05/26/2022 12:00:00 AM
2022-05-28T05-34-18,35405,Walmart Pharmacy #5256,NLP,NLP,NLP,14,05/26/2022 12:00:00 AM
2022-05-28T05-34-18,35405,CVS Store #03004,NLP,NLP,NLP,11,05/27/2022 12:00:00 AM
2022-05-29T05-31-58,35405,Walmart Pharmacy #715,NLP,NLP,NLP,19,05/26/2022 12:00:00 AM
2022-05-29T05-31-58,35405,WALGREENS STORE #18125,NLP,NLP,NLP,40,05/26/2022 12:00:00 AM
2022-05-29T05-31-58,35405,CVS Store #03004,NLP,NLP,NLP,11,05/27/2022 12:00:00 AM
2022-05-29T05-31-58,35405,Walmart Pharmacy #5256,NLP,NLP,NLP,14,05/26/2022 12:00:00 AM
2022-05-29T05-31-58,35405,Sams Pharmacy #6435,NLP,NLP,NLP,37,05/26/2022 12:00:00 AM
2022-05-29T05-31-58,35405,WALGREENS STORE #10525,NLP,NLP,NLP,28,05/26/2022 12:00:00 AM
2022-05-30T05-32-42,35405,Walmart Pharmacy #715,NLP,NLP,NLP,19,05/26/2022 12:00:00 AM
2022-05-30T05-32-42,35405,WALGREENS STORE #18125,NLP,NLP,NLP,40,05/26/2022 12:00:00 AM
2022-05-30T05-32-42,35405,Sams Pharmacy #6435,NLP,NLP,NLP,37,05/26/2022 12:00:00 AM
2022-05-30T05-32-42,35405,CVS Store #03004,NLP,NLP,NLP,11,05/27/2022 12:00:00 AM
2022-05-30T05-32-42,35405,WALGREENS STORE #10525,NLP,NLP,NLP,28,05/26/2022 12:00:00 AM
2022-05-30T05-32-42,35405,Walmart Pharmacy #5256,NLP,NLP,NLP,14,05/26/2022 12:00:00 AM
2022-05-31T08-56-01,35405,Walmart Pharmacy #715,NLP,NLP,NLP,19,05/26/2022 12:00:00 AM
2022-05-31T08-56-01,35405,WALGREENS STORE #18125,NLP,NLP,NLP,40,05/26/2022 12:00:00 AM
2022-05-31T08-56-01,35405,WALGREENS STORE #10525,NLP,NLP,NLP,28,05/26/2022 12:00:00 AM
2022-05-31T08-56-01,35405,Walmart Pharmacy #5256,NLP,NLP,NLP,14,05/26/2022 12:00:00 AM
2022-05-31T08-56-01,35405,CVS Store #03004,NLP,NLP,NLP,11,05/27/2022 12:00:00 AM
2022-05-31T08-56-01,35405,Sams Pharmacy #6435,NLP,NLP,NLP,37,05/26/2022 12:00:00 AM
2022-06-01T05-37-50,35405,Walmart Pharmacy #715,NLP,NLP,NLP,16,05/31/2022 12:00:00 AM
2022-06-01T05-37-50,35405,WALGREENS STORE #18125,NLP,NLP,NLP,40,05/26/2022 12:00:00 AM
2022-06-01T05-37-50,35405,WALGREENS STORE #10525,NLP,NLP,NLP,28,05/26/2022 12:00:00 AM
2022-06-01T05-37-50,35405,Walmart Pharmacy #5256,NLP,NLP,NLP,3,05/31/2022 12:00:00 AM
2022-06-01T05-37-50,35405,Sams Pharmacy #6435,NLP,NLP,NLP,37,05/31/2022 12:00:00 AM
2022-06-01T05-37-50,35405,CVS Store #03004,NLP,NLP,NLP,9,05/31/2022 12:00:00 AM
2022-06-02T07-54-10,35405,Walmart Pharmacy #715,NLP,NLP,NLP,16,06/01/2022 12:00:00 AM
2022-06-02T07-54-10,35405,WALGREENS STORE #18125,NLP,NLP,NLP,58,06/01/2022 12:00:00 AM
2022-06-02T07-54-10,35405,Walmart Pharmacy #5256,NLP,NLP,NLP,3,06/01/2022 12:00:00 AM
2022-06-02T07-54-10,35405,CVS Store #03004,NLP,NLP,NLP,9,05/31/2022 12:00:00 AM
2022-06-02T07-54-10,35405,Sams Pharmacy #6435,NLP,NLP,NLP,37,06/01/2022 12:00:00 AM
2022-06-02T07-54-10,35405,WALGREENS STORE #10525,NLP,NLP,NLP,26,06/01/2022 12:00:00 AM
2022-06-03T08-50-11,35405,Walmart Pharmacy #715,NLP,NLP,NLP,16,06/01/2022 12:00:00 AM
2022-06-03T08-50-11,35405,WALGREENS STORE #18125,NLP,NLP,NLP,58,06/01/2022 12:00:00 AM
2022-06-03T08-50-11,35405,Walmart Pharmacy #5256,NLP,NLP,NLP,3,06/01/2022 12:00:00 AM
2022-06-03T08-50-11,35405,CVS Store #03004,NLP,NLP,NLP,9,05/31/2022 12:00:00 AM
2022-06-03T08-50-11,35405,Sams Pharmacy #6435,NLP,NLP,NLP,37,06/01/2022 12:00:00 AM
2022-06-03T08-50-11,35405,WALGREENS STORE #10525,NLP,NLP,NLP,26,06/01/2022 12:00:00 AM
2022-06-04T19-11-08,35405,CVS Store #03004,NLP,NLP,NLP,28,06/03/2022 12:00:00 AM
2022-06-04T19-11-08,35405,WALGREENS STORE #10525,NLP,NLP,NLP,26,06/03/2022 12:00:00 AM
2022-06-04T19-11-08,35405,Walmart Pharmacy #5256,NLP,NLP,NLP,9,06/02/2022 12:00:00 AM
2022-06-04T19-11-08,35405,WALGREENS STORE #18125,NLP,NLP,NLP,57,06/03/2022 12:00:00 AM
2022-06-04T19-11-08,35405,Walmart Pharmacy #715,NLP,NLP,NLP,16,06/02/2022 12:00:00 AM
2022-06-04T19-11-08,35405,Sams Pharmacy #6435,NLP,NLP,NLP,37,06/02/2022 12:00:00 AM
2022-06-05T08-48-25,35405,WALGREENS STORE #10525,NLP,NLP,NLP,26,06/03/2022 12:00:00 AM
2022-06-05T08-48-25,35405,Walmart Pharmacy #715,NLP,NLP,NLP,16,06/02/2022 12:00:00 AM
2022-06-05T08-48-25,35405,Sams Pharmacy #6435,NLP,NLP,NLP,37,06/02/2022 12:00:00 AM
2022-06-05T08-48-25,35405,CVS Store #03004,NLP,NLP,NLP,28,06/03/2022 12:00:00 AM
2022-06-05T08-48-25,35405,WALGREENS STORE #18125,NLP,NLP,NLP,57,06/03/2022 12:00:00 AM
2022-06-05T08-48-25,35405,Walmart Pharmacy #5256,NLP,NLP,NLP,9,06/02/2022 12:00:00 AM
2022-06-06T06-32-51,35405,WALGREENS STORE #10525,NLP,NLP,NLP,26,06/03/2022 12:00:00 AM
2022-06-06T06-32-51,35405,CVS Store #03004,NLP,NLP,NLP,28,06/03/2022 12:00:00 AM
2022-06-06T06-32-51,35405,Sams Pharmacy #6435,NLP,NLP,NLP,37,06/02/2022 12:00:00 AM
2022-06-06T06-32-51,35405,Walmart Pharmacy #5256,NLP,NLP,NLP,9,06/02/2022 12:00:00 AM
2022-06-06T06-32-51,35405,Walmart Pharmacy #715,NLP,NLP,NLP,16,06/02/2022 12:00:00 AM
2022-06-06T06-32-51,35405,WALGREENS STORE #18125,NLP,NLP,NLP,57,06/03/2022 12:00:00 AM
2022-06-07T05-36-41,35405,WALGREENS STORE #10525,NLP,NLP,NLP,24,06/06/2022 12:00:00 AM
2022-06-07T05-36-41,35405,Walmart Pharmacy #5256,NLP,NLP,NLP,9,06/02/2022 12:00:00 AM
2022-06-07T05-36-41,35405,WALGREENS STORE #18125,NLP,NLP,NLP,56,06/06/2022 12:00:00 AM
2022-06-07T05-36-41,35405,Walmart Pharmacy #715,NLP,NLP,NLP,13,06/06/2022 12:00:00 AM
2022-06-07T05-36-41,35405,Sams Pharmacy #6435,NLP,NLP,NLP,37,06/06/2022 12:00:00 AM
2022-06-07T05-36-41,35405,CVS Store #03004,NLP,NLP,NLP,25,06/06/2022 12:00:00 AM
2022-06-08T05-42-02,35405,WALGREENS STORE #18125,NLP,NLP,NLP,54,06/07/2022 12:00:00 AM
2022-06-08T05-42-02,35405,Sams Pharmacy #6435,NLP,NLP,NLP,37,06/07/2022 12:00:00 AM
2022-06-08T05-42-02,35405,Walmart Pharmacy #715,NLP,NLP,NLP,13,06/07/2022 12:00:00 AM
2022-06-08T05-42-02,35405,CVS Store #03004,NLP,NLP,NLP,24,06/07/2022 12:00:00 AM
2022-06-08T05-42-02,35405,WALGREENS STORE #10525,NLP,NLP,NLP,23,06/07/2022 12:00:00 AM
2022-06-09T04-15-20,35405,WALGREENS STORE #10525,NLP,NLP,NLP,23,06/07/2022 12:00:00 AM
2022-06-09T04-15-20,35405,WALGREENS STORE #18125,NLP,NLP,NLP,54,06/07/2022 12:00:00 AM
2022-06-09T04-15-20,35405,Sams Pharmacy #6435,NLP,NLP,NLP,37,06/07/2022 12:00:00 AM
2022-06-09T04-15-20,35405,Walmart Pharmacy #715,NLP,NLP,NLP,13,06/07/2022 12:00:00 AM
2022-06-09T04-15-20,35405,CVS Store #03004,NLP,NLP,NLP,24,06/08/2022 12:00:00 AM
2022-06-10T04-15-36,35405,WALGREENS STORE #10525,NLP,NLP,NLP,18,06/09/2022 12:00:00 AM
2022-06-10T04-15-36,35405,WALGREENS STORE #18125,NLP,NLP,NLP,54,06/09/2022 12:00:00 AM
2022-06-10T04-15-36,35405,Sams Pharmacy #6435,NLP,NLP,NLP,37,06/07/2022 12:00:00 AM
2022-06-10T04-15-36,35405,CVS Store #03004,NLP,NLP,NLP,22,06/09/2022 12:00:00 AM
2022-06-10T04-15-36,35405,Walmart Pharmacy #715,NLP,NLP,NLP,13,06/07/2022 12:00:00 AM
2022-06-11T04-15-14,35405,Walmart Pharmacy #715,NLP,NLP,NLP,6,06/10/2022 12:00:00 AM
2022-06-11T04-15-14,35405,Sams Pharmacy #6435,NLP,NLP,NLP,37,06/10/2022 12:00:00 AM
2022-06-11T04-15-14,35405,WALGREENS STORE #10525,NLP,NLP,NLP,17,06/10/2022 12:00:00 AM
2022-06-11T04-15-14,35405,WALGREENS STORE #18125,NLP,NLP,NLP,54,06/10/2022 12:00:00 AM
2022-06-11T04-15-14,35405,CVS Store #03004,NLP,NLP,NLP,21,06/10/2022 12:00:00 AM
2022-06-12T04-15-15,35405,Sams Pharmacy #6435,NLP,NLP,NLP,37,06/10/2022 12:00:00 AM
2022-06-12T04-15-15,35405,Walmart Pharmacy #715,NLP,NLP,NLP,6,06/10/2022 12:00:00 AM
2022-06-12T04-15-15,35405,WALGREENS STORE #10525,NLP,NLP,NLP,17,06/10/2022 12:00:00 AM
2022-06-12T04-15-15,35405,CVS Store #03004,NLP,NLP,NLP,21,06/10/2022 12:00:00 AM
2022-06-12T04-15-15,35405,WALGREENS STORE #18125,NLP,NLP,NLP,54,06/10/2022 12:00:00 AM
2022-06-13T04-15-40,35405,Sams Pharmacy #6435,NLP,NLP,NLP,37,06/10/2022 12:00:00 AM
2022-06-13T04-15-40,35405,Walmart Pharmacy #715,NLP,NLP,NLP,6,06/10/2022 12:00:00 AM
2022-06-13T04-15-40,35405,WALGREENS STORE #10525,NLP,NLP,NLP,17,06/10/2022 12:00:00 AM
2022-06-13T04-15-40,35405,CVS Store #03004,NLP,NLP,NLP,21,06/10/2022 12:00:00 AM
2022-06-13T04-15-40,35405,WALGREENS STORE #18125,NLP,NLP,NLP,54,06/10/2022 12:00:00 AM
2022-06-14T04-15-16,35405,Sams Pharmacy #6435,NLP,NLP,NLP,37,06/13/2022 12:00:00 AM
2022-06-14T04-15-16,35405,Walmart Pharmacy #715,NLP,NLP,NLP,6,06/13/2022 12:00:00 AM
2022-06-14T04-15-16,35405,CVS Store #03004,NLP,NLP,NLP,21,06/13/2022 12:00:00 AM
2022-06-14T04-15-16,35405,WALGREENS STORE #18125,NLP,NLP,NLP,54,06/13/2022 12:00:00 AM
2022-06-14T04-15-16,35405,WALGREENS STORE #10525,NLP,NLP,NLP,13,06/13/2022 12:00:00 AM
2022-06-15T04-15-27,35405,Sams Pharmacy #6435,NLP,NLP,NLP,36,06/14/2022 12:00:00 AM
2022-06-15T04-15-27,35405,CVS Store #03004,NLP,NLP,NLP,21,06/14/2022 12:00:00 AM
2022-06-15T04-15-27,35405,Walmart Pharmacy #715,NLP,NLP,NLP,1,06/14/2022 12:00:00 AM
2022-06-15T04-15-27,35405,WALGREENS STORE #18125,NLP,NLP,NLP,54,06/13/2022 12:00:00 AM
2022-06-15T04-15-27,35405,WALGREENS STORE #10525,NLP,NLP,NLP,13,06/13/2022 12:00:00 AM
2022-06-16T04-15-45,35405,CVS Store #03004,NLP,NLP,NLP,21,06/14/2022 12:00:00 AM
2022-06-16T04-15-45,35405,WALGREENS STORE #18125,NLP,NLP,NLP,54,06/13/2022 12:00:00 AM
2022-06-16T04-15-45,35405,WALGREENS STORE #10525,NLP,NLP,NLP,13,06/13/2022 12:00:00 AM
2022-06-16T04-15-45,35405,Sams Pharmacy #6435,NLP,NLP,NLP,36,06/14/2022 12:00:00 AM
2022-06-16T04-15-45,35405,Walmart Pharmacy #715,NLP,NLP,NLP,1,06/14/2022 12:00:00 AM
2022-06-17T04-15-27,35405,CVS Store #03004,NLP,NLP,NLP,20,06/16/2022 12:00:00 AM
2022-06-17T04-15-27,35405,Sams Pharmacy #6435,NLP,NLP,NLP,36,06/16/2022 12:00:00 AM
2022-06-18T04-15-18,35405,Sams Pharmacy #6435,NLP,NLP,NLP,36,06/17/2022 12:00:00 AM
2022-06-18T04-15-18,35405,CVS Store #03004,NLP,NLP,NLP,20,06/17/2022 12:00:00 AM
2022-06-19T04-15-29,35405,Sams Pharmacy #6435,NLP,NLP,NLP,36,06/17/2022 12:00:00 AM
2022-06-19T04-15-29,35405,CVS Store #03004,NLP,NLP,NLP,20,06/17/2022 12:00:00 AM
2022-06-20T04-15-58,35405,CVS Store #03004,NLP,NLP,NLP,20,06/17/2022 12:00:00 AM
2022-06-20T04-15-58,35405,Sams Pharmacy #6435,NLP,NLP,NLP,36,06/17/2022 12:00:00 AM
2022-06-21T04-15-35,35405,CVS Store #03004,NLP,NLP,NLP,16,06/20/2022 12:00:00 AM
2022-06-21T04-15-35,35405,WALGREENS STORE #18125,NLP,NLP,NLP,49,06/20/2022 12:00:00 AM
2022-06-21T04-15-35,35405,Sams Pharmacy #6435,NLP,NLP,NLP,36,06/17/2022 12:00:00 AM
2022-06-21T04-15-35,35405,WALGREENS STORE #10525,NLP,NLP,NLP,20,06/20/2022 12:00:00 AM
2022-06-22T04-15-20,35405,WALGREENS STORE #10525,NLP,NLP,NLP,20,06/20/2022 12:00:00 AM
2022-06-22T04-15-20,35405,CVS Store #03004,NLP,NLP,NLP,16,06/20/2022 12:00:00 AM
2022-06-22T04-15-20,35405,WALGREENS STORE #18125,NLP,NLP,NLP,49,06/20/2022 12:00:00 AM
2022-06-22T04-15-20,35405,Sams Pharmacy #6435,NLP,NLP,NLP,36,06/21/2022 12:00:00 AM
2022-06-23T04-15-16,35405,WALGREENS STORE #10525,NLP,NLP,NLP,20,06/20/2022 12:00:00 AM
2022-06-23T04-15-16,35405,WALGREENS STORE #18125,NLP,NLP,NLP,49,06/20/2022 12:00:00 AM
2022-06-23T04-15-16,35405,Sams Pharmacy #6435,NLP,NLP,NLP,35,06/22/2022 12:00:00 AM
2022-06-23T04-15-16,35405,CVS Store #03004,NLP,NLP,NLP,13,06/22/2022 12:00:00 AM
2022-06-24T04-15-26,35405,WALGREENS STORE #18125,NLP,NLP,NLP,44,06/23/2022 12:00:00 AM
2022-06-24T04-15-26,35405,CVS Store #03004,NLP,NLP,NLP,11,06/23/2022 12:00:00 AM
2022-06-24T04-15-26,35405,Sams Pharmacy #6435,NLP,NLP,NLP,35,06/23/2022 12:00:00 AM
2022-06-24T04-15-26,35405,WALGREENS STORE #10525,NLP,NLP,NLP,15,06/23/2022 12:00:00 AM
2022-06-25T04-15-18,35405,CVS Store #03004,NLP,NLP,NLP,10,06/24/2022 12:00:00 AM
2022-06-25T04-15-18,35405,WALGREENS STORE #18125,NLP,NLP,NLP,44,06/23/2022 12:00:00 AM
2022-06-25T04-15-18,35405,Sams Pharmacy #6435,NLP,NLP,NLP,35,06/24/2022 12:00:00 AM
2022-06-25T04-15-18,35405,WALGREENS STORE #10525,NLP,NLP,NLP,15,06/23/2022 12:00:00 AM
2022-06-26T04-15-17,35405,CVS Store #03004,NLP,NLP,NLP,10,06/24/2022 12:00:00 AM
2022-06-26T04-15-17,35405,WALGREENS STORE #18125,NLP,NLP,NLP,44,06/23/2022 12:00:00 AM
2022-06-26T04-15-17,35405,Sams Pharmacy #6435,NLP,NLP,NLP,35,06/24/2022 12:00:00 AM
2022-06-26T04-15-17,35405,WALGREENS STORE #10525,NLP,NLP,NLP,15,06/23/2022 12:00:00 AM
2022-06-27T04-15-31,35405,CVS Store #03004,NLP,NLP,NLP,10,06/24/2022 12:00:00 AM
2022-06-27T04-15-31,35405,WALGREENS STORE #18125,NLP,NLP,NLP,44,06/23/2022 12:00:00 AM
2022-06-27T04-15-31,35405,Sams Pharmacy #6435,NLP,NLP,NLP,35,06/24/2022 12:00:00 AM
2022-06-27T04-15-31,35405,WALGREENS STORE #10525,NLP,NLP,NLP,15,06/23/2022 12:00:00 AM
2022-06-28T04-15-44,35405,WALGREENS STORE #10525,NLP,NLP,NLP,28,06/27/2022 12:00:00 AM
2022-06-28T04-15-44,35405,WALGREENS STORE #18125,NLP,NLP,NLP,48,06/27/2022 12:00:00 AM
2022-06-28T04-15-44,35405,CVS Store #03004,NLP,NLP,NLP,9,06/27/2022 12:00:00 AM
2022-06-28T04-15-44,35405,Sams Pharmacy #6435,NLP,NLP,NLP,34,06/27/2022 12:00:00 AM
2022-06-28T04-15-44,35405,Walmart Pharmacy #715,NLP,NLP,NLP,38,06/27/2022 12:00:00 AM
2022-06-29T04-15-40,35405,WALGREENS STORE #18125,NLP,NLP,NLP,48,06/27/2022 12:00:00 AM
2022-06-29T04-15-40,35405,CVS Store #03004,NLP,NLP,NLP,29,06/28/2022 12:00:00 AM
2022-06-29T04-15-40,35405,Sams Pharmacy #6435,NLP,NLP,NLP,34,06/28/2022 12:00:00 AM
2022-06-29T04-15-40,35405,WALGREENS STORE #10525,NLP,NLP,NLP,28,06/27/2022 12:00:00 AM
2022-06-29T04-15-40,35405,Walmart Pharmacy #715,NLP,NLP,NLP,36,06/28/2022 12:00:00 AM
2022-06-30T04-15-32,35405,WALGREENS STORE #18125,NLP,NLP,NLP,48,06/27/2022 12:00:00 AM
2022-06-30T04-15-32,35405,CVS Store #03004,NLP,NLP,NLP,28,06/29/2022 12:00:00 AM
2022-06-30T04-15-32,35405,Sams Pharmacy #6435,NLP,NLP,NLP,33,06/29/2022 12:00:00 AM
2022-06-30T04-15-32,35405,Walmart Pharmacy #715,NLP,NLP,NLP,34,06/29/2022 12:00:00 AM
2022-06-30T04-15-32,35405,WALGREENS STORE #10525,NLP,NLP,NLP,28,06/27/2022 12:00:00 AM
2022-07-01T04-15-22,35405,Walmart Pharmacy #715,NLP,NLP,NLP,34,06/30/2022 12:00:00 AM
2022-07-01T04-15-22,35405,CVS Store #03004,NLP,NLP,NLP,28,06/30/2022 12:00:00 AM
2022-07-01T04-15-22,35405,Sams Pharmacy #6435,NLP,NLP,NLP,33,06/30/2022 12:00:00 AM
2022-07-03T14-40-38,35405,Walmart Pharmacy #715,NLP,NLP,NLP,34,06/30/2022 12:00:00 AM
2022-07-03T14-40-38,35405,Sams Pharmacy #6435,NLP,NLP,NLP,33,06/30/2022 12:00:00 AM
2022-07-03T14-40-38,35405,CVS Store #03004,NLP,NLP,NLP,27,07/01/2022 12:00:00 AM
2022-07-04T04-15-29,35405,Sams Pharmacy #6435,NLP,NLP,NLP,33,06/30/2022 12:00:00 AM
2022-07-04T04-15-29,35405,Walmart Pharmacy #715,NLP,NLP,NLP,34,06/30/2022 12:00:00 AM
2022-07-04T04-15-29,35405,CVS Store #03004,NLP,NLP,NLP,27,07/01/2022 12:00:00 AM
2022-07-05T04-15-18,35405,Sams Pharmacy #6435,NLP,NLP,NLP,33,06/30/2022 12:00:00 AM
2022-07-05T04-15-18,35405,Walmart Pharmacy #715,NLP,NLP,NLP,34,06/30/2022 12:00:00 AM
2022-07-05T04-15-18,35405,CVS Store #03004,NLP,NLP,NLP,27,07/01/2022 12:00:00 AM
2022-07-06T04-15-19,35405,CVS Store #03004,NLP,NLP,NLP,28,07/05/2022 12:00:00 AM
2022-07-06T04-15-19,35405,Walmart Pharmacy #715,NLP,NLP,NLP,34,06/30/2022 12:00:00 AM
2022-07-06T04-15-19,35405,Sams Pharmacy #6435,NLP,NLP,NLP,33,06/30/2022 12:00:00 AM
2022-07-07T04-15-17,35405,CVS Store #03004,NLP,NLP,NLP,28,07/06/2022 12:00:00 AM
2022-07-07T04-15-17,35405,Sams Pharmacy #6435,NLP,NLP,NLP,32,07/06/2022 12:00:00 AM
2022-07-07T04-15-17,35405,Walmart Pharmacy #715,NLP,NLP,NLP,9,07/06/2022 12:00:00 AM
2022-07-07T13-15-18,35405,CVS Store #03004,NLP,NLP,NLP,28,07/06/2022 12:00:00 AM
2022-07-07T13-15-18,35405,Sams Pharmacy #6435,NLP,NLP,NLP,32,07/06/2022 12:00:00 AM
2022-07-07T13-15-18,35405,Walmart Pharmacy #715,NLP,NLP,NLP,9,07/06/2022 12:00:00 AM
2022-07-08T04-15-19,35405,Sams Pharmacy #6435,NLP,NLP,NLP,32,07/07/2022 12:00:00 AM
2022-07-08T04-15-19,35405,CVS Store #03004,NLP,NLP,NLP,26,07/07/2022 12:00:00 AM
2022-07-09T04-15-19,35405,CVS Store #03004,NLP,NLP,NLP,23,07/08/2022 12:00:00 AM
2022-07-09T04-15-19,35405,Sams Pharmacy #6435,NLP,NLP,NLP,32,07/07/2022 12:00:00 AM
2022-07-10T04-15-26,35405,Sams Pharmacy #6435,NLP,NLP,NLP,32,07/07/2022 12:00:00 AM
2022-07-10T04-15-26,35405,CVS Store #03004,NLP,NLP,NLP,23,07/08/2022 12:00:00 AM
2022-07-11T04-15-25,35405,Sams Pharmacy #6435,NLP,NLP,NLP,32,07/07/2022 12:00:00 AM
2022-07-11T04-15-25,35405,CVS Store #03004,NLP,NLP,NLP,23,07/08/2022 12:00:00 AM
2022-07-12T04-15-22,35405,WALGREENS STORE #10525,NLP,NLP,NLP,46,07/11/2022 12:00:00 AM
2022-07-12T04-15-22,35405,Walmart Pharmacy #715,NLP,NLP,NLP,39,07/11/2022 12:00:00 AM
2022-07-12T04-15-22,35405,Sams Pharmacy #6435,NLP,NLP,NLP,32,07/11/2022 12:00:00 AM
2022-07-12T04-15-22,35405,WALGREENS STORE #18125,NLP,NLP,NLP,39,07/11/2022 12:00:00 AM
2022-07-12T04-15-22,35405,CVS Store #03004,NLP,NLP,NLP,19,07/11/2022 12:00:00 AM
2022-07-13T04-15-22,35405,WALGREENS STORE #10525,NLP,NLP,NLP,46,07/11/2022 12:00:00 AM
2022-07-13T04-15-22,35405,Walmart Pharmacy #715,NLP,NLP,NLP,39,07/12/2022 12:00:00 AM
2022-07-13T04-15-22,35405,Sams Pharmacy #6435,NLP,NLP,NLP,32,07/12/2022 12:00:00 AM
2022-07-13T04-15-22,35405,WALGREENS STORE #18125,NLP,NLP,NLP,39,07/11/2022 12:00:00 AM
2022-07-13T04-15-22,35405,CVS Store #03004,NLP,NLP,NLP,19,07/12/2022 12:00:00 AM
2022-07-14T04-15-29,35405,Walmart Pharmacy #715,NLP,NLP,NLP,36,07/13/2022 12:00:00 AM
2022-07-14T04-15-29,35405,Sams Pharmacy #6435,NLP,NLP,NLP,31,07/13/2022 12:00:00 AM
2022-07-14T04-15-29,35405,CVS Store #03004,NLP,NLP,NLP,16,07/13/2022 12:00:00 AM
2022-07-14T04-15-29,35405,WALGREENS STORE #18125,NLP,NLP,NLP,34,07/13/2022 12:00:00 AM
2022-07-14T04-15-29,35405,WALGREENS STORE #10525,NLP,NLP,NLP,44,07/13/2022 12:00:00 AM
2022-07-15T04-15-46,35405,Walmart Pharmacy #715,NLP,NLP,NLP,35,07/14/2022 12:00:00 AM
2022-07-15T04-15-46,35405,Sams Pharmacy #6435,NLP,NLP,NLP,30,07/14/2022 12:00:00 AM
2022-07-15T04-15-46,35405,CVS Store #03004,NLP,NLP,NLP,13,07/14/2022 12:00:00 AM
2022-07-15T04-15-46,35405,WALGREENS STORE #10525,NLP,NLP,NLP,33,07/14/2022 12:00:00 AM
2022-07-15T04-15-46,35405,WALGREENS STORE #18125,NLP,NLP,NLP,34,07/14/2022 12:00:00 AM
2022-07-17T04-15-18,35405,WALGREENS STORE #10525,NLP,NLP,NLP,33,07/14/2022 12:00:00 AM
2022-07-17T04-15-18,35405,WALGREENS STORE #18125,NLP,NLP,NLP,34,07/14/2022 12:00:00 AM
2022-07-17T04-15-18,35405,Walmart Pharmacy #715,NLP,NLP,NLP,35,07/14/2022 12:00:00 AM
2022-07-17T04-15-18,35405,Sams Pharmacy #6435,NLP,NLP,NLP,30,07/14/2022 12:00:00 AM
2022-07-17T04-15-18,35405,CVS Store #03004,NLP,NLP,NLP,13,07/15/2022 12:00:00 AM
2022-07-18T04-15-21,35405,WALGREENS STORE #18125,NLP,NLP,NLP,34,07/14/2022 12:00:00 AM
2022-07-18T04-15-21,35405,WALGREENS STORE #10525,NLP,NLP,NLP,33,07/14/2022 12:00:00 AM
2022-07-18T04-15-21,35405,Sams Pharmacy #6435,NLP,NLP,NLP,30,07/14/2022 12:00:00 AM
2022-07-18T04-15-21,35405,Walmart Pharmacy #715,NLP,NLP,NLP,35,07/14/2022 12:00:00 AM
2022-07-18T04-15-21,35405,CVS Store #03004,NLP,NLP,NLP,13,07/15/2022 12:00:00 AM
2022-07-18T07-55-19,35405,CVS Store #03004,NLP,NLP,NLP,13,07/15/2022 12:00:00 AM
2022-07-18T07-55-19,35405,WALGREENS STORE #10525,NLP,NLP,NLP,33,07/14/2022 12:00:00 AM
2022-07-18T07-55-19,35405,WALGREENS STORE #18125,NLP,NLP,NLP,34,07/14/2022 12:00:00 AM
2022-07-18T07-55-19,35405,Walmart Pharmacy #715,NLP,NLP,NLP,35,07/14/2022 12:00:00 AM
2022-07-18T07-55-19,35405,Sams Pharmacy #6435,NLP,NLP,NLP,30,07/14/2022 12:00:00 AM
2022-07-19T04-15-25,35405,WALGREENS STORE #18125,NLP,NLP,NLP,32,07/18/2022 12:00:00 AM
2022-07-19T04-15-25,35405,Walmart Pharmacy #715,NLP,NLP,NLP,25,07/18/2022 12:00:00 AM
2022-07-19T04-15-25,35405,Sams Pharmacy #6435,NLP,NLP,NLP,29,07/18/2022 12:00:00 AM
2022-07-19T04-15-25,35405,CVS Store #03004,NLP,NLP,NLP,13,07/18/2022 12:00:00 AM
2022-07-19T04-15-25,35405,WALGREENS STORE #10525,NLP,NLP,NLP,49,07/18/2022 12:00:00 AM
2022-07-20T04-15-41,35405,WALGREENS STORE #18125,NLP,NLP,NLP,32,07/18/2022 12:00:00 AM
2022-07-20T04-15-41,35405,Walmart Pharmacy #715,NLP,NLP,NLP,24,07/19/2022 12:00:00 AM
2022-07-20T04-15-41,35405,Sams Pharmacy #6435,NLP,NLP,NLP,28,07/19/2022 12:00:00 AM
2022-07-20T04-15-41,35405,WALGREENS STORE #10525,NLP,NLP,NLP,49,07/18/2022 12:00:00 AM
2022-07-20T04-15-41,35405,Walmart Pharmacy #5256,NLP,NLP,NLP,0,06/07/2022 12:00:00 AM
2022-07-20T04-15-41,35405,CVS Store #03004,NLP,NLP,NLP,13,07/18/2022 12:00:00 AM
2022-07-21T04-15-40,35405,Walmart Pharmacy #5256,NLP,NLP,NLP,0,06/07/2022 12:00:00 AM
2022-07-21T04-15-40,35405,CVS Store #03004,NLP,NLP,NLP,13,07/18/2022 12:00:00 AM
2022-07-21T04-15-40,35405,WALGREENS STORE #10525,NLP,NLP,NLP,49,07/18/2022 12:00:00 AM
2022-07-21T04-15-40,35405,Walmart Pharmacy #715,NLP,NLP,NLP,22,07/20/2022 12:00:00 AM
2022-07-21T04-15-40,35405,WALGREENS STORE #18125,NLP,NLP,NLP,32,07/18/2022 12:00:00 AM
2022-07-21T04-15-40,35405,Sams Pharmacy #6435,NLP,NLP,NLP,27,07/20/2022 12:00:00 AM
2022-07-22T04-15-29,35405,WALGREENS STORE #18125,NLP,NLP,NLP,27,07/21/2022 12:00:00 AM
2022-07-22T04-15-29,35405,Walmart Pharmacy #715,NLP,NLP,NLP,22,07/21/2022 12:00:00 AM
2022-07-22T04-15-29,35405,Sams Pharmacy #6435,NLP,NLP,NLP,27,07/21/2022 12:00:00 AM
2022-07-22T04-15-29,35405,WALGREENS STORE #10525,NLP,NLP,NLP,39,07/21/2022 12:00:00 AM
2022-07-22T04-15-29,35405,CVS Store #03004,NLP,NLP,NLP,9,07/21/2022 12:00:00 AM
2022-07-22T04-15-29,35405,Walmart Pharmacy #5256,NLP,NLP,NLP,0,06/07/2022 12:00:00 AM
2022-07-23T04-15-20,35405,WALGREENS STORE #10525,NLP,NLP,NLP,39,07/21/2022 12:00:00 AM
2022-07-23T04-15-20,35405,Walmart Pharmacy #5256,NLP,NLP,NLP,0,06/07/2022 12:00:00 AM
2022-07-23T04-15-20,35405,Walmart Pharmacy #715,NLP,NLP,NLP,22,07/21/2022 12:00:00 AM
2022-07-23T04-15-20,35405,WALGREENS STORE #18125,NLP,NLP,NLP,27,07/21/2022 12:00:00 AM
2022-07-23T04-15-20,35405,Sams Pharmacy #6435,NLP,NLP,NLP,27,07/21/2022 12:00:00 AM
2022-07-23T04-15-20,35405,CVS Store #03004,NLP,NLP,NLP,7,07/22/2022 12:00:00 AM
2022-07-24T04-15-21,35405,WALGREENS STORE #10525,NLP,NLP,NLP,39,07/21/2022 12:00:00 AM
2022-07-24T04-15-21,35405,Walmart Pharmacy #5256,NLP,NLP,NLP,0,06/07/2022 12:00:00 AM
2022-07-24T04-15-21,35405,Walmart Pharmacy #715,NLP,NLP,NLP,22,07/21/2022 12:00:00 AM
2022-07-24T04-15-21,35405,WALGREENS STORE #18125,NLP,NLP,NLP,27,07/21/2022 12:00:00 AM
2022-07-24T04-15-21,35405,Sams Pharmacy #6435,NLP,NLP,NLP,27,07/21/2022 12:00:00 AM
2022-07-24T04-15-21,35405,CVS Store #03004,NLP,NLP,NLP,7,07/22/2022 12:00:00 AM
