2022-05-10T06-06-54,48836,Walmart Pharmacy #4540,NLP,NLP,NLP,20,05/09/2022 12:00:00 AM
2022-05-11T06-51-12,48836,Walmart Pharmacy #4540,NLP,NLP,NLP,18,05/10/2022 12:00:00 AM
2022-05-12T07-16-49,48836,Walmart Pharmacy #4540,NLP,NLP,NLP,18,05/11/2022 12:00:00 AM
2022-05-13T06-07-31,48836,Walmart Pharmacy #4540,NLP,NLP,NLP,18,05/12/2022 12:00:00 AM
2022-05-14T08-49-14,48836,Walmart Pharmacy #4540,NLP,NLP,NLP,17,05/13/2022 12:00:00 AM
2022-05-15T05-54-13,48836,Walmart Pharmacy #4540,NLP,NLP,NLP,17,05/13/2022 12:00:00 AM
2022-05-16T05-54-24,48836,Walmart Pharmacy #4540,NLP,NLP,NLP,17,05/13/2022 12:00:00 AM
2022-05-17T05-27-38,48836,Walmart Pharmacy #4540,NLP,NLP,NLP,17,05/16/2022 12:00:00 AM
2022-05-18T05-40-23,48836,Walmart Pharmacy #4540,NLP,NLP,NLP,16,05/17/2022 12:00:00 AM
2022-05-19T05-25-31,48836,Walmart Pharmacy #4540,NLP,NLP,NLP,16,05/17/2022 12:00:00 AM
2022-05-20T05-59-40,48836,Walmart Pharmacy #4540,NLP,NLP,NLP,16,05/17/2022 12:00:00 AM
2022-05-21T05-54-21,48836,Walmart Pharmacy #4540,NLP,NLP,NLP,15,05/20/2022 12:00:00 AM
2022-05-22T09-07-10,48836,Walmart Pharmacy #4540,NLP,NLP,NLP,15,05/20/2022 12:00:00 AM
2022-05-23T07-42-39,48836,Walmart Pharmacy #4540,NLP,NLP,NLP,15,05/20/2022 12:00:00 AM
2022-05-23T07-42-39,48836,Walmart Pharmacy #4540,NLP,NLP,NLP,15,05/20/2022 12:00:00 AM
2022-05-23T07-42-39,48836,Walmart Pharmacy #4540,NLP,NLP,NLP,15,05/20/2022 12:00:00 AM
2022-05-23T07-42-39,48836,Walmart Pharmacy #4540,NLP,NLP,NLP,15,05/20/2022 12:00:00 AM
2022-05-23T07-42-39,48836,Walmart Pharmacy #4540,NLP,NLP,NLP,15,05/20/2022 12:00:00 AM
2022-05-23T07-42-39,48836,Walmart Pharmacy #4540,NLP,NLP,NLP,15,05/20/2022 12:00:00 AM
2022-05-23T07-42-39,48836,Walmart Pharmacy #4540,NLP,NLP,NLP,15,05/20/2022 12:00:00 AM
2022-05-23T07-42-39,48836,Walmart Pharmacy #4540,NLP,NLP,NLP,15,05/20/2022 12:00:00 AM
2022-05-23T07-42-39,48836,Walmart Pharmacy #4540,NLP,NLP,NLP,15,05/20/2022 12:00:00 AM
2022-05-23T07-42-39,48836,Walmart Pharmacy #4540,NLP,NLP,NLP,15,05/20/2022 12:00:00 AM
2022-05-23T07-42-39,48836,Walmart Pharmacy #4540,NLP,NLP,NLP,15,05/20/2022 12:00:00 AM
2022-05-23T07-42-39,48836,Walmart Pharmacy #4540,NLP,NLP,NLP,15,05/20/2022 12:00:00 AM
2022-05-23T07-42-39,48836,Walmart Pharmacy #4540,NLP,NLP,NLP,15,05/20/2022 12:00:00 AM
2022-05-23T07-42-39,48836,Walmart Pharmacy #4540,NLP,NLP,NLP,15,05/20/2022 12:00:00 AM
2022-05-23T07-42-39,48836,Walmart Pharmacy #4540,NLP,NLP,NLP,15,05/20/2022 12:00:00 AM
2022-05-23T07-42-39,48836,Walmart Pharmacy #4540,NLP,NLP,NLP,15,05/20/2022 12:00:00 AM
2022-05-24T05-46-03,48836,Walmart Pharmacy #4540,NLP,NLP,NLP,36,05/23/2022 12:00:00 AM
2022-05-24T05-46-03,48836,Walmart Pharmacy #4540,NLP,NLP,NLP,36,05/23/2022 12:00:00 AM
2022-05-24T05-46-03,48836,Walmart Pharmacy #4540,NLP,NLP,NLP,36,05/23/2022 12:00:00 AM
2022-05-24T05-46-03,48836,Walmart Pharmacy #4540,NLP,NLP,NLP,36,05/23/2022 12:00:00 AM
2022-05-24T05-46-03,48836,Walmart Pharmacy #4540,NLP,NLP,NLP,36,05/23/2022 12:00:00 AM
2022-05-24T05-46-03,48836,Walmart Pharmacy #4540,NLP,NLP,NLP,36,05/23/2022 12:00:00 AM
2022-05-24T05-46-03,48836,Walmart Pharmacy #4540,NLP,NLP,NLP,36,05/23/2022 12:00:00 AM
2022-05-24T05-46-03,48836,Walmart Pharmacy #4540,NLP,NLP,NLP,36,05/23/2022 12:00:00 AM
2022-05-24T05-46-03,48836,Walmart Pharmacy #4540,NLP,NLP,NLP,36,05/23/2022 12:00:00 AM
2022-05-24T05-46-03,48836,Walmart Pharmacy #4540,NLP,NLP,NLP,36,05/23/2022 12:00:00 AM
2022-05-24T05-46-03,48836,Walmart Pharmacy #4540,NLP,NLP,NLP,36,05/23/2022 12:00:00 AM
2022-05-24T05-46-03,48836,Walmart Pharmacy #4540,NLP,NLP,NLP,36,05/23/2022 12:00:00 AM
2022-05-24T05-46-03,48836,Walmart Pharmacy #4540,NLP,NLP,NLP,36,05/23/2022 12:00:00 AM
2022-05-24T05-46-03,48836,Walmart Pharmacy #4540,NLP,NLP,NLP,36,05/23/2022 12:00:00 AM
2022-05-24T05-46-03,48836,Walmart Pharmacy #4540,NLP,NLP,NLP,36,05/23/2022 12:00:00 AM
2022-05-24T05-46-03,48836,Walmart Pharmacy #4540,NLP,NLP,NLP,36,05/23/2022 12:00:00 AM
2022-05-24T05-46-03,48836,Walmart Pharmacy #4540,NLP,NLP,NLP,36,05/23/2022 12:00:00 AM
2022-05-24T05-46-03,48836,Walmart Pharmacy #4540,NLP,NLP,NLP,36,05/23/2022 12:00:00 AM
2022-05-24T05-46-03,48836,Walmart Pharmacy #4540,NLP,NLP,NLP,36,05/23/2022 12:00:00 AM
2022-05-24T05-46-03,48836,Walmart Pharmacy #4540,NLP,NLP,NLP,36,05/23/2022 12:00:00 AM
2022-05-24T05-46-03,48836,Walmart Pharmacy #4540,NLP,NLP,NLP,36,05/23/2022 12:00:00 AM
2022-05-24T05-46-03,48836,Walmart Pharmacy #4540,NLP,NLP,NLP,36,05/23/2022 12:00:00 AM
2022-05-25T05-39-27,48836,Walmart Pharmacy #4540,NLP,NLP,NLP,36,05/24/2022 12:00:00 AM
2022-05-25T05-39-27,48836,Walmart Pharmacy #4540,NLP,NLP,NLP,36,05/24/2022 12:00:00 AM
2022-05-25T05-39-27,48836,Walmart Pharmacy #4540,NLP,NLP,NLP,36,05/24/2022 12:00:00 AM
2022-05-25T05-39-27,48836,Walmart Pharmacy #4540,NLP,NLP,NLP,36,05/24/2022 12:00:00 AM
2022-05-25T05-39-27,48836,Walmart Pharmacy #4540,NLP,NLP,NLP,36,05/24/2022 12:00:00 AM
2022-05-25T05-39-27,48836,Walmart Pharmacy #4540,NLP,NLP,NLP,36,05/24/2022 12:00:00 AM
2022-05-25T05-39-27,48836,Walmart Pharmacy #4540,NLP,NLP,NLP,36,05/24/2022 12:00:00 AM
2022-05-25T05-39-27,48836,Walmart Pharmacy #4540,NLP,NLP,NLP,36,05/24/2022 12:00:00 AM
2022-05-25T05-39-27,48836,Walmart Pharmacy #4540,NLP,NLP,NLP,36,05/24/2022 12:00:00 AM
2022-05-25T05-39-27,48836,Walmart Pharmacy #4540,NLP,NLP,NLP,36,05/24/2022 12:00:00 AM
2022-05-25T05-39-27,48836,Walmart Pharmacy #4540,NLP,NLP,NLP,36,05/24/2022 12:00:00 AM
2022-05-25T05-39-27,48836,Walmart Pharmacy #4540,NLP,NLP,NLP,36,05/24/2022 12:00:00 AM
2022-05-25T05-39-27,48836,Walmart Pharmacy #4540,NLP,NLP,NLP,36,05/24/2022 12:00:00 AM
2022-05-25T05-39-27,48836,Walmart Pharmacy #4540,NLP,NLP,NLP,36,05/24/2022 12:00:00 AM
2022-05-25T05-39-27,48836,Walmart Pharmacy #4540,NLP,NLP,NLP,36,05/24/2022 12:00:00 AM
2022-05-25T05-39-27,48836,Walmart Pharmacy #4540,NLP,NLP,NLP,36,05/24/2022 12:00:00 AM
2022-05-25T05-39-27,48836,Walmart Pharmacy #4540,NLP,NLP,NLP,36,05/24/2022 12:00:00 AM
2022-05-25T05-39-27,48836,Walmart Pharmacy #4540,NLP,NLP,NLP,36,05/24/2022 12:00:00 AM
2022-05-25T05-39-27,48836,Walmart Pharmacy #4540,NLP,NLP,NLP,36,05/24/2022 12:00:00 AM
2022-05-25T05-39-27,48836,Walmart Pharmacy #4540,NLP,NLP,NLP,36,05/24/2022 12:00:00 AM
2022-05-25T05-39-27,48836,Walmart Pharmacy #4540,NLP,NLP,NLP,36,05/24/2022 12:00:00 AM
2022-05-25T05-39-27,48836,Walmart Pharmacy #4540,NLP,NLP,NLP,36,05/24/2022 12:00:00 AM
2022-05-25T05-39-27,48836,Walmart Pharmacy #4540,NLP,NLP,NLP,36,05/24/2022 12:00:00 AM
2022-05-25T05-39-27,48836,Walmart Pharmacy #4540,NLP,NLP,NLP,36,05/24/2022 12:00:00 AM
2022-05-25T05-39-27,48836,Walmart Pharmacy #4540,NLP,NLP,NLP,36,05/24/2022 12:00:00 AM
2022-05-26T07-59-29,48836,Walmart Pharmacy #4540,NLP,NLP,NLP,36,05/25/2022 12:00:00 AM
2022-05-26T07-59-29,48836,Walmart Pharmacy #4540,NLP,NLP,NLP,36,05/25/2022 12:00:00 AM
2022-05-26T07-59-29,48836,Walmart Pharmacy #4540,NLP,NLP,NLP,36,05/25/2022 12:00:00 AM
2022-05-27T05-48-57,48836,Walmart Pharmacy #4540,NLP,NLP,NLP,36,05/26/2022 12:00:00 AM
2022-05-28T05-34-18,48836,Walmart Pharmacy #4540,NLP,NLP,NLP,36,05/26/2022 12:00:00 AM
2022-05-29T05-31-58,48836,Walmart Pharmacy #4540,NLP,NLP,NLP,36,05/26/2022 12:00:00 AM
2022-05-30T05-32-42,48836,Walmart Pharmacy #4540,NLP,NLP,NLP,36,05/26/2022 12:00:00 AM
2022-05-31T08-56-01,48836,Walmart Pharmacy #4540,NLP,NLP,NLP,36,05/26/2022 12:00:00 AM
2022-06-01T05-37-50,48836,Walmart Pharmacy #4540,NLP,NLP,NLP,36,05/26/2022 12:00:00 AM
2022-06-02T07-54-10,48836,Walmart Pharmacy #4540,NLP,NLP,NLP,36,05/26/2022 12:00:00 AM
2022-06-03T08-50-11,48836,Walmart Pharmacy #4540,NLP,NLP,NLP,36,05/26/2022 12:00:00 AM
2022-06-04T19-11-08,48836,Walmart Pharmacy #4540,NLP,NLP,NLP,31,06/02/2022 12:00:00 AM
2022-06-05T08-48-25,48836,Walmart Pharmacy #4540,NLP,NLP,NLP,31,06/02/2022 12:00:00 AM
2022-06-06T06-32-51,48836,Walmart Pharmacy #4540,NLP,NLP,NLP,31,06/02/2022 12:00:00 AM
2022-06-07T05-36-41,48836,Walmart Pharmacy #4540,NLP,NLP,NLP,31,06/06/2022 12:00:00 AM
2022-06-08T05-42-02,48836,Walmart Pharmacy #4540,NLP,NLP,NLP,31,06/07/2022 12:00:00 AM
2022-06-09T04-15-20,48836,Walmart Pharmacy #4540,NLP,NLP,NLP,31,06/07/2022 12:00:00 AM
2022-06-10T04-15-36,48836,Walmart Pharmacy #4540,NLP,NLP,NLP,31,06/07/2022 12:00:00 AM
2022-06-11T04-15-14,48836,Walmart Pharmacy #4540,NLP,NLP,NLP,32,06/10/2022 12:00:00 AM
2022-06-12T04-15-15,48836,Walmart Pharmacy #4540,NLP,NLP,NLP,32,06/10/2022 12:00:00 AM
2022-06-13T04-15-40,48836,Walmart Pharmacy #4540,NLP,NLP,NLP,32,06/10/2022 12:00:00 AM
2022-06-14T04-15-16,48836,Walmart Pharmacy #4540,NLP,NLP,NLP,32,06/13/2022 12:00:00 AM
2022-06-15T04-15-27,48836,Walmart Pharmacy #4540,NLP,NLP,NLP,31,06/14/2022 12:00:00 AM
2022-06-16T04-15-45,48836,Walmart Pharmacy #4540,NLP,NLP,NLP,31,06/14/2022 12:00:00 AM
2022-06-17T04-15-27,48836,Walmart Pharmacy #4540,NLP,NLP,NLP,28,06/16/2022 12:00:00 AM
2022-06-18T04-15-18,48836,Walmart Pharmacy #4540,NLP,NLP,NLP,28,06/17/2022 12:00:00 AM
2022-06-19T04-15-29,48836,Walmart Pharmacy #4540,NLP,NLP,NLP,28,06/17/2022 12:00:00 AM
2022-06-20T04-15-58,48836,Walmart Pharmacy #4540,NLP,NLP,NLP,28,06/17/2022 12:00:00 AM
2022-06-21T04-15-35,48836,Walmart Pharmacy #4540,NLP,NLP,NLP,28,06/17/2022 12:00:00 AM
2022-06-22T04-15-20,48836,Walmart Pharmacy #4540,NLP,NLP,NLP,28,06/21/2022 12:00:00 AM
2022-06-23T04-15-16,48836,Walmart Pharmacy #4540,NLP,NLP,NLP,27,06/22/2022 12:00:00 AM
2022-06-24T04-15-26,48836,Walmart Pharmacy #4540,NLP,NLP,NLP,26,06/23/2022 12:00:00 AM
2022-06-25T04-15-18,48836,Walmart Pharmacy #4540,NLP,NLP,NLP,26,06/24/2022 12:00:00 AM
2022-06-26T04-15-17,48836,Walmart Pharmacy #4540,NLP,NLP,NLP,26,06/24/2022 12:00:00 AM
2022-06-27T04-15-31,48836,Walmart Pharmacy #4540,NLP,NLP,NLP,26,06/24/2022 12:00:00 AM
2022-06-28T04-15-44,48836,Walmart Pharmacy #4540,NLP,NLP,NLP,25,06/27/2022 12:00:00 AM
2022-06-29T04-15-40,48836,Walmart Pharmacy #4540,NLP,NLP,NLP,24,06/28/2022 12:00:00 AM
2022-06-30T04-15-32,48836,Walmart Pharmacy #4540,NLP,NLP,NLP,26,06/29/2022 12:00:00 AM
2022-07-01T04-15-22,48836,Walmart Pharmacy #4540,NLP,NLP,NLP,26,06/30/2022 12:00:00 AM
2022-07-03T14-40-38,48836,Walmart Pharmacy #4540,NLP,NLP,NLP,26,06/30/2022 12:00:00 AM
2022-07-04T04-15-29,48836,Walmart Pharmacy #4540,NLP,NLP,NLP,26,06/30/2022 12:00:00 AM
2022-07-05T04-15-18,48836,Walmart Pharmacy #4540,NLP,NLP,NLP,26,06/30/2022 12:00:00 AM
2022-07-06T04-15-19,48836,Walmart Pharmacy #4540,NLP,NLP,NLP,26,06/30/2022 12:00:00 AM
2022-07-07T04-15-17,48836,Walmart Pharmacy #4540,NLP,NLP,NLP,25,07/06/2022 12:00:00 AM
2022-07-07T13-15-18,48836,Walmart Pharmacy #4540,NLP,NLP,NLP,25,07/06/2022 12:00:00 AM
2022-07-08T04-15-19,48836,Walmart Pharmacy #4540,NLP,NLP,NLP,25,07/07/2022 12:00:00 AM
2022-07-09T04-15-19,48836,Walmart Pharmacy #4540,NLP,NLP,NLP,25,07/07/2022 12:00:00 AM
2022-07-10T04-15-26,48836,Walmart Pharmacy #4540,NLP,NLP,NLP,25,07/07/2022 12:00:00 AM
2022-07-11T04-15-25,48836,Walmart Pharmacy #4540,NLP,NLP,NLP,25,07/07/2022 12:00:00 AM
2022-07-12T04-15-22,48836,Walmart Pharmacy #4540,NLP,NLP,NLP,24,07/11/2022 12:00:00 AM
2022-07-13T04-15-22,48836,Walmart Pharmacy #4540,NLP,NLP,NLP,24,07/12/2022 12:00:00 AM
2022-07-14T04-15-29,48836,Walmart Pharmacy #4540,NLP,NLP,NLP,23,07/13/2022 12:00:00 AM
2022-07-15T04-15-46,48836,Walmart Pharmacy #4540,NLP,NLP,NLP,23,07/14/2022 12:00:00 AM
2022-07-17T04-15-18,48836,Walmart Pharmacy #4540,NLP,NLP,NLP,23,07/14/2022 12:00:00 AM
2022-07-18T04-15-21,48836,Walmart Pharmacy #4540,NLP,NLP,NLP,23,07/14/2022 12:00:00 AM
2022-07-18T07-55-19,48836,Walmart Pharmacy #4540,NLP,NLP,NLP,23,07/14/2022 12:00:00 AM
2022-07-19T04-15-25,48836,Walmart Pharmacy #4540,NLP,NLP,NLP,18,07/18/2022 12:00:00 AM
2022-07-20T04-15-41,48836,Walmart Pharmacy #4540,NLP,NLP,NLP,18,07/19/2022 12:00:00 AM
2022-07-21T04-15-40,48836,Walmart Pharmacy #4540,NLP,NLP,NLP,17,07/20/2022 12:00:00 AM
2022-07-22T04-15-29,48836,Walmart Pharmacy #4540,NLP,NLP,NLP,17,07/21/2022 12:00:00 AM
2022-07-23T04-15-20,48836,Walmart Pharmacy #4540,NLP,NLP,NLP,17,07/21/2022 12:00:00 AM
2022-07-24T04-15-21,48836,Walmart Pharmacy #4540,NLP,NLP,NLP,17,07/21/2022 12:00:00 AM
