2022-02-16T08-23-53,74432,Boomer Solutions Pharmacy Eufaula,02/08/2022 12:00:00 AM,02/10/2022 12:00:00 AM,20,20,02/14/2022 12:00:00 AM
2022-02-16T18-37-01,74432,Boomer Solutions Pharmacy Eufaula,02/08/2022 12:00:00 AM,02/10/2022 12:00:00 AM,20,20,02/16/2022 12:00:00 AM
2022-02-18T15-54-16,74432,Boomer Solutions Pharmacy Eufaula,02/08/2022 12:00:00 AM,02/10/2022 12:00:00 AM,20,20,02/16/2022 12:00:00 AM
2022-02-18T16-04-21,74432,Boomer Solutions Pharmacy Eufaula,02/08/2022 12:00:00 AM,02/10/2022 12:00:00 AM,20,20,02/17/2022 12:00:00 AM
2022-02-22T09-09-37,74432,Boomer Solutions Pharmacy Eufaula,02/08/2022 12:00:00 AM,02/10/2022 12:00:00 AM,20,20,02/21/2022 12:00:00 AM
2022-02-24T09-51-18,74432,Boomer Solutions Pharmacy Eufaula,02/08/2022 12:00:00 AM,02/10/2022 12:00:00 AM,20,20,02/22/2022 12:00:00 AM
2022-03-03T09-56-49,74432,Boomer Solutions Pharmacy Eufaula,02/08/2022 12:00:00 AM,02/10/2022 12:00:00 AM,20,20,02/28/2022 12:00:00 AM
2022-03-03T10-04-44,74432,Boomer Solutions Pharmacy Eufaula,02/08/2022 12:00:00 AM,02/10/2022 12:00:00 AM,20,20,03/02/2022 12:00:00 AM
2022-03-08T14-40-56,74432,Boomer Solutions Pharmacy Eufaula,02/08/2022 12:00:00 AM,02/10/2022 12:00:00 AM,20,20,03/07/2022 12:00:00 AM
2022-03-16T18-51-35,74432,Boomer Solutions Pharmacy Eufaula,NLP,NLP,NLP,20,03/11/2022 12:00:00 AM
2022-03-18T09-58-11,74432,Boomer Solutions Pharmacy Eufaula,NLP,NLP,NLP,20,03/15/2022 12:00:00 AM
2022-03-18T11-03-37,74432,Boomer Solutions Pharmacy Eufaula,NLP,NLP,NLP,20,03/15/2022 12:00:00 AM
2022-03-18T11-17-38,74432,Boomer Solutions Pharmacy Eufaula,NLP,NLP,NLP,20,03/17/2022 12:00:00 AM
2022-03-18T15-22-50,74432,Boomer Solutions Pharmacy Eufaula,NLP,NLP,NLP,20,03/17/2022 12:00:00 AM
2022-03-19T08-15-59,74432,Boomer Solutions Pharmacy Eufaula,NLP,NLP,NLP,20,03/18/2022 12:00:00 AM
2022-03-19T11-58-02,74432,Boomer Solutions Pharmacy Eufaula,NLP,NLP,NLP,20,03/18/2022 12:00:00 AM
2022-03-20T06-05-37,74432,Boomer Solutions Pharmacy Eufaula,NLP,NLP,NLP,20,03/18/2022 12:00:00 AM
2022-03-21T06-11-50,74432,Boomer Solutions Pharmacy Eufaula,NLP,NLP,NLP,20,03/18/2022 12:00:00 AM
2022-03-21T14-18-38,74432,Boomer Solutions Pharmacy Eufaula,NLP,NLP,NLP,20,03/18/2022 12:00:00 AM
2022-03-21T16-35-27,74432,Boomer Solutions Pharmacy Eufaula,NLP,NLP,NLP,20,03/21/2022 12:00:00 AM
2022-03-22T09-16-18,74432,Boomer Solutions Pharmacy Eufaula,NLP,NLP,NLP,20,03/21/2022 12:00:00 AM
2022-03-23T08-41-43,74432,Boomer Solutions Pharmacy Eufaula,NLP,NLP,NLP,20,03/22/2022 12:00:00 AM
2022-03-24T07-49-11,74432,Boomer Solutions Pharmacy Eufaula,NLP,NLP,NLP,20,03/22/2022 12:00:00 AM
2022-03-24T13-46-29,74432,Boomer Solutions Pharmacy Eufaula,NLP,NLP,NLP,20,03/24/2022 12:00:00 AM
2022-03-25T08-10-53,74432,Boomer Solutions Pharmacy Eufaula,NLP,NLP,NLP,20,03/24/2022 12:00:00 AM
2022-03-26T06-57-27,74432,Boomer Solutions Pharmacy Eufaula,NLP,NLP,NLP,20,03/25/2022 12:00:00 AM
2022-03-26T12-42-50,74432,Boomer Solutions Pharmacy Eufaula,NLP,NLP,NLP,20,03/25/2022 12:00:00 AM
2022-03-27T06-25-27,74432,Boomer Solutions Pharmacy Eufaula,NLP,NLP,NLP,20,03/25/2022 12:00:00 AM
2022-03-28T06-21-17,74432,Boomer Solutions Pharmacy Eufaula,NLP,NLP,NLP,20,03/25/2022 12:00:00 AM
2022-03-29T08-50-48,74432,Boomer Solutions Pharmacy Eufaula,NLP,NLP,NLP,20,03/28/2022 12:00:00 AM
2022-03-30T09-27-07,74432,Boomer Solutions Pharmacy Eufaula,NLP,NLP,NLP,20,03/29/2022 12:00:00 AM
2022-03-31T08-53-07,74432,Boomer Solutions Pharmacy Eufaula,NLP,NLP,NLP,20,03/30/2022 12:00:00 AM
2022-03-31T15-09-22,74432,Boomer Solutions Pharmacy Eufaula,NLP,NLP,NLP,20,03/30/2022 12:00:00 AM
2022-04-01T06-54-45,74432,Boomer Solutions Pharmacy Eufaula,NLP,NLP,NLP,20,03/31/2022 12:00:00 AM
2022-04-02T06-05-59,74432,Boomer Solutions Pharmacy Eufaula,NLP,NLP,NLP,20,04/01/2022 12:00:00 AM
2022-04-03T05-51-54,74432,Boomer Solutions Pharmacy Eufaula,NLP,NLP,NLP,20,04/01/2022 12:00:00 AM
2022-04-04T05-38-24,74432,Boomer Solutions Pharmacy Eufaula,NLP,NLP,NLP,20,04/01/2022 12:00:00 AM
2022-04-05T05-48-33,74432,Boomer Solutions Pharmacy Eufaula,NLP,NLP,NLP,20,04/04/2022 12:00:00 AM
2022-04-06T05-45-18,74432,Boomer Solutions Pharmacy Eufaula,NLP,NLP,NLP,20,04/05/2022 12:00:00 AM
2022-04-07T05-34-07,74432,Boomer Solutions Pharmacy Eufaula,NLP,NLP,NLP,20,04/06/2022 12:00:00 AM
2022-04-08T05-48-29,74432,Boomer Solutions Pharmacy Eufaula,NLP,NLP,NLP,20,04/07/2022 12:00:00 AM
2022-04-09T05-41-09,74432,Boomer Solutions Pharmacy Eufaula,NLP,NLP,NLP,20,04/08/2022 12:00:00 AM
2022-04-10T09-31-27,74432,Boomer Solutions Pharmacy Eufaula,NLP,NLP,NLP,20,04/08/2022 12:00:00 AM
2022-04-11T07-06-23,74432,Boomer Solutions Pharmacy Eufaula,NLP,NLP,NLP,20,04/08/2022 12:00:00 AM
2022-04-12T07-06-55,74432,Boomer Solutions Pharmacy Eufaula,NLP,NLP,NLP,20,04/11/2022 12:00:00 AM
2022-04-13T09-20-57,74432,Boomer Solutions Pharmacy Eufaula,NLP,NLP,NLP,20,04/12/2022 12:00:00 AM
2022-04-13T11-55-39,74432,Boomer Solutions Pharmacy Eufaula,NLP,NLP,NLP,20,04/13/2022 12:00:00 AM
2022-04-14T09-18-06,74432,Boomer Solutions Pharmacy Eufaula,NLP,NLP,NLP,20,04/13/2022 12:00:00 AM
2022-04-15T06-03-51,74432,Boomer Solutions Pharmacy Eufaula,NLP,NLP,NLP,20,04/14/2022 12:00:00 AM
2022-04-16T05-33-42,74432,Boomer Solutions Pharmacy Eufaula,NLP,NLP,NLP,20,04/15/2022 12:00:00 AM
2022-04-17T05-32-24,74432,Boomer Solutions Pharmacy Eufaula,NLP,NLP,NLP,20,04/15/2022 12:00:00 AM
2022-04-18T05-31-10,74432,Boomer Solutions Pharmacy Eufaula,NLP,NLP,NLP,20,04/15/2022 12:00:00 AM
2022-04-19T05-39-24,74432,Boomer Solutions Pharmacy Eufaula,NLP,NLP,NLP,20,04/18/2022 12:00:00 AM
2022-04-20T05-27-37,74432,Boomer Solutions Pharmacy Eufaula,NLP,NLP,NLP,20,04/19/2022 12:00:00 AM
2022-04-21T05-29-54,74432,Boomer Solutions Pharmacy Eufaula,NLP,NLP,NLP,20,04/20/2022 12:00:00 AM
2022-04-22T05-26-18,74432,Boomer Solutions Pharmacy Eufaula,NLP,NLP,NLP,20,04/21/2022 12:00:00 AM
2022-04-23T05-25-10,74432,Boomer Solutions Pharmacy Eufaula,NLP,NLP,NLP,20,04/22/2022 12:00:00 AM
2022-04-24T05-22-24,74432,Boomer Solutions Pharmacy Eufaula,NLP,NLP,NLP,20,04/22/2022 12:00:00 AM
2022-04-25T05-22-33,74432,Boomer Solutions Pharmacy Eufaula,NLP,NLP,NLP,20,04/22/2022 12:00:00 AM
2022-04-26T05-20-54,74432,Boomer Solutions Pharmacy Eufaula,NLP,NLP,NLP,20,04/25/2022 12:00:00 AM
2022-04-27T05-23-49,74432,Boomer Solutions Pharmacy Eufaula,NLP,NLP,NLP,20,04/26/2022 12:00:00 AM
2022-04-28T09-22-45,74432,Boomer Solutions Pharmacy Eufaula,NLP,NLP,NLP,20,04/27/2022 12:00:00 AM
2022-04-29T05-13-54,74432,Boomer Solutions Pharmacy Eufaula,NLP,NLP,NLP,20,04/28/2022 12:00:00 AM
2022-04-30T05-15-55,74432,Lakeside Pharmacy,NLP,NLP,NLP,20,04/29/2022 12:00:00 AM
2022-04-30T05-15-55,74432,Boomer Solutions Pharmacy Eufaula,NLP,NLP,NLP,20,04/29/2022 12:00:00 AM
2022-05-01T05-13-51,74432,Boomer Solutions Pharmacy Eufaula,NLP,NLP,NLP,20,04/29/2022 12:00:00 AM
2022-05-01T05-13-51,74432,Lakeside Pharmacy,NLP,NLP,NLP,20,04/29/2022 12:00:00 AM
2022-05-02T06-02-50,74432,Lakeside Pharmacy,NLP,NLP,NLP,20,04/29/2022 12:00:00 AM
2022-05-02T06-02-50,74432,Boomer Solutions Pharmacy Eufaula,NLP,NLP,NLP,20,04/29/2022 12:00:00 AM
2022-05-03T06-05-23,74432,Boomer Solutions Pharmacy Eufaula,NLP,NLP,NLP,20,05/02/2022 12:00:00 AM
2022-05-03T06-05-23,74432,Lakeside Pharmacy,NLP,NLP,NLP,20,05/02/2022 12:00:00 AM
2022-05-04T05-12-02,74432,Lakeside Pharmacy,NLP,NLP,NLP,20,05/03/2022 12:00:00 AM
2022-05-04T05-12-02,74432,Boomer Solutions Pharmacy Eufaula,NLP,NLP,NLP,20,05/03/2022 12:00:00 AM
2022-05-05T09-49-47,74432,Boomer Solutions Pharmacy Eufaula,NLP,NLP,NLP,20,05/04/2022 12:00:00 AM
2022-05-05T09-49-47,74432,LAKESIDE PHARMACY,NLP,NLP,NLP,20,05/03/2022 12:00:00 AM
2022-05-06T06-12-41,74432,LAKESIDE PHARMACY,NLP,NLP,NLP,20,05/05/2022 12:00:00 AM
2022-05-06T06-12-41,74432,Boomer Solutions Pharmacy Eufaula,NLP,NLP,NLP,20,05/05/2022 12:00:00 AM
2022-05-07T05-45-31,74432,Boomer Solutions Pharmacy Eufaula,NLP,NLP,NLP,20,05/06/2022 12:00:00 AM
2022-05-07T05-45-31,74432,LAKESIDE PHARMACY,NLP,NLP,NLP,20,05/06/2022 12:00:00 AM
2022-05-08T10-02-59,74432,LAKESIDE PHARMACY,NLP,NLP,NLP,20,05/06/2022 12:00:00 AM
2022-05-08T10-02-59,74432,Boomer Solutions Pharmacy Eufaula,NLP,NLP,NLP,20,05/06/2022 12:00:00 AM
2022-05-09T05-08-14,74432,Boomer Solutions Pharmacy Eufaula,NLP,NLP,NLP,20,05/06/2022 12:00:00 AM
2022-05-09T05-08-14,74432,LAKESIDE PHARMACY,NLP,NLP,NLP,20,05/06/2022 12:00:00 AM
2022-05-10T06-06-54,74432,Boomer Solutions Pharmacy Eufaula,NLP,NLP,NLP,20,05/09/2022 12:00:00 AM
2022-05-10T06-06-54,74432,LAKESIDE PHARMACY,NLP,NLP,NLP,20,05/09/2022 12:00:00 AM
2022-05-11T06-51-12,74432,LAKESIDE PHARMACY,NLP,NLP,NLP,20,05/10/2022 12:00:00 AM
2022-05-11T06-51-12,74432,Boomer Solutions Pharmacy Eufaula,NLP,NLP,NLP,20,05/10/2022 12:00:00 AM
2022-05-12T07-16-49,74432,Boomer Solutions Pharmacy Eufaula,NLP,NLP,NLP,20,05/11/2022 12:00:00 AM
2022-05-12T07-16-49,74432,LAKESIDE PHARMACY,NLP,NLP,NLP,20,05/11/2022 12:00:00 AM
2022-05-13T06-07-31,74432,LAKESIDE PHARMACY,NLP,NLP,NLP,20,05/11/2022 12:00:00 AM
2022-05-13T06-07-31,74432,Boomer Solutions Pharmacy Eufaula,NLP,NLP,NLP,20,05/12/2022 12:00:00 AM
2022-05-14T08-49-14,74432,LAKESIDE PHARMACY,NLP,NLP,NLP,20,05/13/2022 12:00:00 AM
2022-05-14T08-49-14,74432,Boomer Solutions Pharmacy Eufaula,NLP,NLP,NLP,20,05/13/2022 12:00:00 AM
2022-05-15T05-54-13,74432,Boomer Solutions Pharmacy Eufaula,NLP,NLP,NLP,20,05/13/2022 12:00:00 AM
2022-05-15T05-54-13,74432,LAKESIDE PHARMACY,NLP,NLP,NLP,20,05/13/2022 12:00:00 AM
2022-05-16T05-54-24,74432,Boomer Solutions Pharmacy Eufaula,NLP,NLP,NLP,20,05/13/2022 12:00:00 AM
2022-05-16T05-54-24,74432,LAKESIDE PHARMACY,NLP,NLP,NLP,20,05/13/2022 12:00:00 AM
2022-05-17T05-27-38,74432,Lakeside Pharmacy,NLP,NLP,NLP,20,05/16/2022 12:00:00 AM
2022-05-17T05-27-38,74432,Boomer Solutions Pharmacy Eufaula,NLP,NLP,NLP,20,05/16/2022 12:00:00 AM
2022-05-18T05-40-23,74432,Lakeside Pharmacy,NLP,NLP,NLP,20,05/17/2022 12:00:00 AM
2022-05-18T05-40-23,74432,Boomer Solutions Pharmacy Eufaula,NLP,NLP,NLP,20,05/17/2022 12:00:00 AM
2022-05-19T05-25-31,74432,Boomer Solutions Pharmacy Eufaula,NLP,NLP,NLP,20,05/18/2022 12:00:00 AM
2022-05-19T05-25-31,74432,LAKESIDE PHARMACY,NLP,NLP,NLP,20,05/18/2022 12:00:00 AM
2022-05-20T05-59-40,74432,Boomer Solutions Pharmacy Eufaula,NLP,NLP,NLP,20,05/18/2022 12:00:00 AM
2022-05-20T05-59-40,74432,LAKESIDE PHARMACY,NLP,NLP,NLP,20,05/18/2022 12:00:00 AM
2022-05-21T05-54-21,74432,Boomer Solutions Pharmacy Eufaula,NLP,NLP,NLP,20,05/20/2022 12:00:00 AM
2022-05-21T05-54-21,74432,LAKESIDE PHARMACY,NLP,NLP,NLP,20,05/20/2022 12:00:00 AM
2022-05-22T09-07-10,74432,Boomer Solutions Pharmacy Eufaula,NLP,NLP,NLP,20,05/20/2022 12:00:00 AM
2022-05-22T09-07-10,74432,LAKESIDE PHARMACY,NLP,NLP,NLP,20,05/20/2022 12:00:00 AM
2022-05-23T07-42-39,74432,Boomer Solutions Pharmacy Eufaula,NLP,NLP,NLP,20,05/20/2022 12:00:00 AM
2022-05-23T07-42-39,74432,LAKESIDE PHARMACY,NLP,NLP,NLP,20,05/20/2022 12:00:00 AM
2022-05-23T07-42-39,74432,Boomer Solutions Pharmacy Eufaula,NLP,NLP,NLP,20,05/20/2022 12:00:00 AM
2022-05-23T07-42-39,74432,LAKESIDE PHARMACY,NLP,NLP,NLP,20,05/20/2022 12:00:00 AM
2022-05-23T07-42-39,74432,Boomer Solutions Pharmacy Eufaula,NLP,NLP,NLP,20,05/20/2022 12:00:00 AM
2022-05-23T07-42-39,74432,LAKESIDE PHARMACY,NLP,NLP,NLP,20,05/20/2022 12:00:00 AM
2022-05-23T07-42-39,74432,Boomer Solutions Pharmacy Eufaula,NLP,NLP,NLP,20,05/20/2022 12:00:00 AM
2022-05-23T07-42-39,74432,LAKESIDE PHARMACY,NLP,NLP,NLP,20,05/20/2022 12:00:00 AM
2022-05-23T07-42-39,74432,Boomer Solutions Pharmacy Eufaula,NLP,NLP,NLP,20,05/20/2022 12:00:00 AM
2022-05-23T07-42-39,74432,LAKESIDE PHARMACY,NLP,NLP,NLP,20,05/20/2022 12:00:00 AM
2022-05-23T07-42-39,74432,Boomer Solutions Pharmacy Eufaula,NLP,NLP,NLP,20,05/20/2022 12:00:00 AM
2022-05-23T07-42-39,74432,LAKESIDE PHARMACY,NLP,NLP,NLP,20,05/20/2022 12:00:00 AM
2022-05-23T07-42-39,74432,Boomer Solutions Pharmacy Eufaula,NLP,NLP,NLP,20,05/20/2022 12:00:00 AM
2022-05-23T07-42-39,74432,LAKESIDE PHARMACY,NLP,NLP,NLP,20,05/20/2022 12:00:00 AM
2022-05-23T07-42-39,74432,Boomer Solutions Pharmacy Eufaula,NLP,NLP,NLP,20,05/20/2022 12:00:00 AM
2022-05-23T07-42-39,74432,LAKESIDE PHARMACY,NLP,NLP,NLP,20,05/20/2022 12:00:00 AM
2022-05-23T07-42-39,74432,Boomer Solutions Pharmacy Eufaula,NLP,NLP,NLP,20,05/20/2022 12:00:00 AM
2022-05-23T07-42-39,74432,LAKESIDE PHARMACY,NLP,NLP,NLP,20,05/20/2022 12:00:00 AM
2022-05-23T07-42-39,74432,Boomer Solutions Pharmacy Eufaula,NLP,NLP,NLP,20,05/20/2022 12:00:00 AM
2022-05-23T07-42-39,74432,LAKESIDE PHARMACY,NLP,NLP,NLP,20,05/20/2022 12:00:00 AM
2022-05-23T07-42-39,74432,Boomer Solutions Pharmacy Eufaula,NLP,NLP,NLP,20,05/20/2022 12:00:00 AM
2022-05-23T07-42-39,74432,LAKESIDE PHARMACY,NLP,NLP,NLP,20,05/20/2022 12:00:00 AM
2022-05-23T07-42-39,74432,Boomer Solutions Pharmacy Eufaula,NLP,NLP,NLP,20,05/20/2022 12:00:00 AM
2022-05-23T07-42-39,74432,LAKESIDE PHARMACY,NLP,NLP,NLP,20,05/20/2022 12:00:00 AM
2022-05-23T07-42-39,74432,Boomer Solutions Pharmacy Eufaula,NLP,NLP,NLP,20,05/20/2022 12:00:00 AM
2022-05-23T07-42-39,74432,LAKESIDE PHARMACY,NLP,NLP,NLP,20,05/20/2022 12:00:00 AM
2022-05-23T07-42-39,74432,Boomer Solutions Pharmacy Eufaula,NLP,NLP,NLP,20,05/20/2022 12:00:00 AM
2022-05-23T07-42-39,74432,LAKESIDE PHARMACY,NLP,NLP,NLP,20,05/20/2022 12:00:00 AM
2022-05-23T07-42-39,74432,Boomer Solutions Pharmacy Eufaula,NLP,NLP,NLP,20,05/20/2022 12:00:00 AM
2022-05-23T07-42-39,74432,LAKESIDE PHARMACY,NLP,NLP,NLP,20,05/20/2022 12:00:00 AM
2022-05-23T07-42-39,74432,Boomer Solutions Pharmacy Eufaula,NLP,NLP,NLP,20,05/20/2022 12:00:00 AM
2022-05-23T07-42-39,74432,LAKESIDE PHARMACY,NLP,NLP,NLP,20,05/20/2022 12:00:00 AM
2022-05-24T05-46-03,74432,Boomer Solutions Pharmacy Eufaula,NLP,NLP,NLP,20,05/23/2022 12:00:00 AM
2022-05-24T05-46-03,74432,LAKESIDE PHARMACY,NLP,NLP,NLP,20,05/23/2022 12:00:00 AM
2022-05-24T05-46-03,74432,Boomer Solutions Pharmacy Eufaula,NLP,NLP,NLP,20,05/23/2022 12:00:00 AM
2022-05-24T05-46-03,74432,LAKESIDE PHARMACY,NLP,NLP,NLP,20,05/23/2022 12:00:00 AM
2022-05-24T05-46-03,74432,Boomer Solutions Pharmacy Eufaula,NLP,NLP,NLP,20,05/23/2022 12:00:00 AM
2022-05-24T05-46-03,74432,LAKESIDE PHARMACY,NLP,NLP,NLP,20,05/23/2022 12:00:00 AM
2022-05-24T05-46-03,74432,Boomer Solutions Pharmacy Eufaula,NLP,NLP,NLP,20,05/23/2022 12:00:00 AM
2022-05-24T05-46-03,74432,LAKESIDE PHARMACY,NLP,NLP,NLP,20,05/23/2022 12:00:00 AM
2022-05-24T05-46-03,74432,Boomer Solutions Pharmacy Eufaula,NLP,NLP,NLP,20,05/23/2022 12:00:00 AM
2022-05-24T05-46-03,74432,LAKESIDE PHARMACY,NLP,NLP,NLP,20,05/23/2022 12:00:00 AM
2022-05-24T05-46-03,74432,Boomer Solutions Pharmacy Eufaula,NLP,NLP,NLP,20,05/23/2022 12:00:00 AM
2022-05-24T05-46-03,74432,LAKESIDE PHARMACY,NLP,NLP,NLP,20,05/23/2022 12:00:00 AM
2022-05-24T05-46-03,74432,Boomer Solutions Pharmacy Eufaula,NLP,NLP,NLP,20,05/23/2022 12:00:00 AM
2022-05-24T05-46-03,74432,LAKESIDE PHARMACY,NLP,NLP,NLP,20,05/23/2022 12:00:00 AM
2022-05-24T05-46-03,74432,Boomer Solutions Pharmacy Eufaula,NLP,NLP,NLP,20,05/23/2022 12:00:00 AM
2022-05-24T05-46-03,74432,LAKESIDE PHARMACY,NLP,NLP,NLP,20,05/23/2022 12:00:00 AM
2022-05-24T05-46-03,74432,Boomer Solutions Pharmacy Eufaula,NLP,NLP,NLP,20,05/23/2022 12:00:00 AM
2022-05-24T05-46-03,74432,LAKESIDE PHARMACY,NLP,NLP,NLP,20,05/23/2022 12:00:00 AM
2022-05-24T05-46-03,74432,Boomer Solutions Pharmacy Eufaula,NLP,NLP,NLP,20,05/23/2022 12:00:00 AM
2022-05-24T05-46-03,74432,LAKESIDE PHARMACY,NLP,NLP,NLP,20,05/23/2022 12:00:00 AM
2022-05-24T05-46-03,74432,Boomer Solutions Pharmacy Eufaula,NLP,NLP,NLP,20,05/23/2022 12:00:00 AM
2022-05-24T05-46-03,74432,LAKESIDE PHARMACY,NLP,NLP,NLP,20,05/23/2022 12:00:00 AM
2022-05-24T05-46-03,74432,Boomer Solutions Pharmacy Eufaula,NLP,NLP,NLP,20,05/23/2022 12:00:00 AM
2022-05-24T05-46-03,74432,LAKESIDE PHARMACY,NLP,NLP,NLP,20,05/23/2022 12:00:00 AM
2022-05-24T05-46-03,74432,Boomer Solutions Pharmacy Eufaula,NLP,NLP,NLP,20,05/23/2022 12:00:00 AM
2022-05-24T05-46-03,74432,LAKESIDE PHARMACY,NLP,NLP,NLP,20,05/23/2022 12:00:00 AM
2022-05-24T05-46-03,74432,Boomer Solutions Pharmacy Eufaula,NLP,NLP,NLP,20,05/23/2022 12:00:00 AM
2022-05-24T05-46-03,74432,LAKESIDE PHARMACY,NLP,NLP,NLP,20,05/23/2022 12:00:00 AM
2022-05-24T05-46-03,74432,Boomer Solutions Pharmacy Eufaula,NLP,NLP,NLP,20,05/23/2022 12:00:00 AM
2022-05-24T05-46-03,74432,LAKESIDE PHARMACY,NLP,NLP,NLP,20,05/23/2022 12:00:00 AM
2022-05-24T05-46-03,74432,Boomer Solutions Pharmacy Eufaula,NLP,NLP,NLP,20,05/23/2022 12:00:00 AM
2022-05-24T05-46-03,74432,LAKESIDE PHARMACY,NLP,NLP,NLP,20,05/23/2022 12:00:00 AM
2022-05-24T05-46-03,74432,Boomer Solutions Pharmacy Eufaula,NLP,NLP,NLP,20,05/23/2022 12:00:00 AM
2022-05-24T05-46-03,74432,LAKESIDE PHARMACY,NLP,NLP,NLP,20,05/23/2022 12:00:00 AM
2022-05-24T05-46-03,74432,Boomer Solutions Pharmacy Eufaula,NLP,NLP,NLP,20,05/23/2022 12:00:00 AM
2022-05-24T05-46-03,74432,LAKESIDE PHARMACY,NLP,NLP,NLP,20,05/23/2022 12:00:00 AM
2022-05-24T05-46-03,74432,Boomer Solutions Pharmacy Eufaula,NLP,NLP,NLP,20,05/23/2022 12:00:00 AM
2022-05-24T05-46-03,74432,LAKESIDE PHARMACY,NLP,NLP,NLP,20,05/23/2022 12:00:00 AM
2022-05-24T05-46-03,74432,Boomer Solutions Pharmacy Eufaula,NLP,NLP,NLP,20,05/23/2022 12:00:00 AM
2022-05-24T05-46-03,74432,LAKESIDE PHARMACY,NLP,NLP,NLP,20,05/23/2022 12:00:00 AM
2022-05-24T05-46-03,74432,Boomer Solutions Pharmacy Eufaula,NLP,NLP,NLP,20,05/23/2022 12:00:00 AM
2022-05-24T05-46-03,74432,LAKESIDE PHARMACY,NLP,NLP,NLP,20,05/23/2022 12:00:00 AM
2022-05-24T05-46-03,74432,Boomer Solutions Pharmacy Eufaula,NLP,NLP,NLP,20,05/23/2022 12:00:00 AM
2022-05-24T05-46-03,74432,LAKESIDE PHARMACY,NLP,NLP,NLP,20,05/23/2022 12:00:00 AM
2022-05-25T05-39-27,74432,Boomer Solutions Pharmacy Eufaula,NLP,NLP,NLP,20,05/24/2022 12:00:00 AM
2022-05-25T05-39-27,74432,LAKESIDE PHARMACY,NLP,NLP,NLP,20,05/24/2022 12:00:00 AM
2022-05-25T05-39-27,74432,Boomer Solutions Pharmacy Eufaula,NLP,NLP,NLP,20,05/24/2022 12:00:00 AM
2022-05-25T05-39-27,74432,LAKESIDE PHARMACY,NLP,NLP,NLP,20,05/24/2022 12:00:00 AM
2022-05-25T05-39-27,74432,Boomer Solutions Pharmacy Eufaula,NLP,NLP,NLP,20,05/24/2022 12:00:00 AM
2022-05-25T05-39-27,74432,LAKESIDE PHARMACY,NLP,NLP,NLP,20,05/24/2022 12:00:00 AM
2022-05-25T05-39-27,74432,Boomer Solutions Pharmacy Eufaula,NLP,NLP,NLP,20,05/24/2022 12:00:00 AM
2022-05-25T05-39-27,74432,LAKESIDE PHARMACY,NLP,NLP,NLP,20,05/24/2022 12:00:00 AM
2022-05-25T05-39-27,74432,Boomer Solutions Pharmacy Eufaula,NLP,NLP,NLP,20,05/24/2022 12:00:00 AM
2022-05-25T05-39-27,74432,LAKESIDE PHARMACY,NLP,NLP,NLP,20,05/24/2022 12:00:00 AM
2022-05-25T05-39-27,74432,Boomer Solutions Pharmacy Eufaula,NLP,NLP,NLP,20,05/24/2022 12:00:00 AM
2022-05-25T05-39-27,74432,LAKESIDE PHARMACY,NLP,NLP,NLP,20,05/24/2022 12:00:00 AM
2022-05-25T05-39-27,74432,Boomer Solutions Pharmacy Eufaula,NLP,NLP,NLP,20,05/24/2022 12:00:00 AM
2022-05-25T05-39-27,74432,LAKESIDE PHARMACY,NLP,NLP,NLP,20,05/24/2022 12:00:00 AM
2022-05-25T05-39-27,74432,Boomer Solutions Pharmacy Eufaula,NLP,NLP,NLP,20,05/24/2022 12:00:00 AM
2022-05-25T05-39-27,74432,LAKESIDE PHARMACY,NLP,NLP,NLP,20,05/24/2022 12:00:00 AM
2022-05-25T05-39-27,74432,Boomer Solutions Pharmacy Eufaula,NLP,NLP,NLP,20,05/24/2022 12:00:00 AM
2022-05-25T05-39-27,74432,LAKESIDE PHARMACY,NLP,NLP,NLP,20,05/24/2022 12:00:00 AM
2022-05-25T05-39-27,74432,Boomer Solutions Pharmacy Eufaula,NLP,NLP,NLP,20,05/24/2022 12:00:00 AM
2022-05-25T05-39-27,74432,LAKESIDE PHARMACY,NLP,NLP,NLP,20,05/24/2022 12:00:00 AM
2022-05-25T05-39-27,74432,Boomer Solutions Pharmacy Eufaula,NLP,NLP,NLP,20,05/24/2022 12:00:00 AM
2022-05-25T05-39-27,74432,LAKESIDE PHARMACY,NLP,NLP,NLP,20,05/24/2022 12:00:00 AM
2022-05-25T05-39-27,74432,Boomer Solutions Pharmacy Eufaula,NLP,NLP,NLP,20,05/24/2022 12:00:00 AM
2022-05-25T05-39-27,74432,LAKESIDE PHARMACY,NLP,NLP,NLP,20,05/24/2022 12:00:00 AM
2022-05-25T05-39-27,74432,Boomer Solutions Pharmacy Eufaula,NLP,NLP,NLP,20,05/24/2022 12:00:00 AM
2022-05-25T05-39-27,74432,LAKESIDE PHARMACY,NLP,NLP,NLP,20,05/24/2022 12:00:00 AM
2022-05-25T05-39-27,74432,Boomer Solutions Pharmacy Eufaula,NLP,NLP,NLP,20,05/24/2022 12:00:00 AM
2022-05-25T05-39-27,74432,LAKESIDE PHARMACY,NLP,NLP,NLP,20,05/24/2022 12:00:00 AM
2022-05-25T05-39-27,74432,Boomer Solutions Pharmacy Eufaula,NLP,NLP,NLP,20,05/24/2022 12:00:00 AM
2022-05-25T05-39-27,74432,LAKESIDE PHARMACY,NLP,NLP,NLP,20,05/24/2022 12:00:00 AM
2022-05-25T05-39-27,74432,Boomer Solutions Pharmacy Eufaula,NLP,NLP,NLP,20,05/24/2022 12:00:00 AM
2022-05-25T05-39-27,74432,LAKESIDE PHARMACY,NLP,NLP,NLP,20,05/24/2022 12:00:00 AM
2022-05-25T05-39-27,74432,Boomer Solutions Pharmacy Eufaula,NLP,NLP,NLP,20,05/24/2022 12:00:00 AM
2022-05-25T05-39-27,74432,LAKESIDE PHARMACY,NLP,NLP,NLP,20,05/24/2022 12:00:00 AM
2022-05-25T05-39-27,74432,Boomer Solutions Pharmacy Eufaula,NLP,NLP,NLP,20,05/24/2022 12:00:00 AM
2022-05-25T05-39-27,74432,LAKESIDE PHARMACY,NLP,NLP,NLP,20,05/24/2022 12:00:00 AM
2022-05-25T05-39-27,74432,Boomer Solutions Pharmacy Eufaula,NLP,NLP,NLP,20,05/24/2022 12:00:00 AM
2022-05-25T05-39-27,74432,LAKESIDE PHARMACY,NLP,NLP,NLP,20,05/24/2022 12:00:00 AM
2022-05-25T05-39-27,74432,Boomer Solutions Pharmacy Eufaula,NLP,NLP,NLP,20,05/24/2022 12:00:00 AM
2022-05-25T05-39-27,74432,LAKESIDE PHARMACY,NLP,NLP,NLP,20,05/24/2022 12:00:00 AM
2022-05-25T05-39-27,74432,Boomer Solutions Pharmacy Eufaula,NLP,NLP,NLP,20,05/24/2022 12:00:00 AM
2022-05-25T05-39-27,74432,LAKESIDE PHARMACY,NLP,NLP,NLP,20,05/24/2022 12:00:00 AM
2022-05-25T05-39-27,74432,Boomer Solutions Pharmacy Eufaula,NLP,NLP,NLP,20,05/24/2022 12:00:00 AM
2022-05-25T05-39-27,74432,LAKESIDE PHARMACY,NLP,NLP,NLP,20,05/24/2022 12:00:00 AM
2022-05-25T05-39-27,74432,Boomer Solutions Pharmacy Eufaula,NLP,NLP,NLP,20,05/24/2022 12:00:00 AM
2022-05-25T05-39-27,74432,LAKESIDE PHARMACY,NLP,NLP,NLP,20,05/24/2022 12:00:00 AM
2022-05-25T05-39-27,74432,Boomer Solutions Pharmacy Eufaula,NLP,NLP,NLP,20,05/24/2022 12:00:00 AM
2022-05-25T05-39-27,74432,LAKESIDE PHARMACY,NLP,NLP,NLP,20,05/24/2022 12:00:00 AM
2022-05-25T05-39-27,74432,Boomer Solutions Pharmacy Eufaula,NLP,NLP,NLP,20,05/24/2022 12:00:00 AM
2022-05-25T05-39-27,74432,LAKESIDE PHARMACY,NLP,NLP,NLP,20,05/24/2022 12:00:00 AM
2022-05-26T07-59-29,74432,Boomer Solutions Pharmacy Eufaula,NLP,NLP,NLP,20,05/25/2022 12:00:00 AM
2022-05-26T07-59-29,74432,LAKESIDE PHARMACY,NLP,NLP,NLP,20,05/25/2022 12:00:00 AM
2022-05-26T07-59-29,74432,Boomer Solutions Pharmacy Eufaula,NLP,NLP,NLP,20,05/25/2022 12:00:00 AM
2022-05-26T07-59-29,74432,LAKESIDE PHARMACY,NLP,NLP,NLP,20,05/25/2022 12:00:00 AM
2022-05-26T07-59-29,74432,Boomer Solutions Pharmacy Eufaula,NLP,NLP,NLP,20,05/25/2022 12:00:00 AM
2022-05-26T07-59-29,74432,LAKESIDE PHARMACY,NLP,NLP,NLP,20,05/25/2022 12:00:00 AM
2022-05-27T05-48-57,74432,Boomer Solutions Pharmacy Eufaula,NLP,NLP,NLP,20,05/26/2022 12:00:00 AM
2022-05-27T05-48-57,74432,LAKESIDE PHARMACY,NLP,NLP,NLP,20,05/26/2022 12:00:00 AM
2022-05-28T05-34-18,74432,Boomer Solutions Pharmacy Eufaula,NLP,NLP,NLP,20,05/27/2022 12:00:00 AM
2022-05-28T05-34-18,74432,LAKESIDE PHARMACY,NLP,NLP,NLP,20,05/26/2022 12:00:00 AM
2022-05-29T05-31-58,74432,Boomer Solutions Pharmacy Eufaula,NLP,NLP,NLP,20,05/27/2022 12:00:00 AM
2022-05-29T05-31-58,74432,LAKESIDE PHARMACY,NLP,NLP,NLP,20,05/26/2022 12:00:00 AM
2022-05-30T05-32-42,74432,Boomer Solutions Pharmacy Eufaula,NLP,NLP,NLP,20,05/27/2022 12:00:00 AM
2022-05-30T05-32-42,74432,LAKESIDE PHARMACY,NLP,NLP,NLP,20,05/26/2022 12:00:00 AM
2022-05-31T08-56-01,74432,Boomer Solutions Pharmacy Eufaula,NLP,NLP,NLP,20,05/27/2022 12:00:00 AM
2022-05-31T08-56-01,74432,LAKESIDE PHARMACY,NLP,NLP,NLP,20,05/26/2022 12:00:00 AM
2022-06-01T05-37-50,74432,Boomer Solutions Pharmacy Eufaula,NLP,NLP,NLP,20,05/31/2022 12:00:00 AM
2022-06-01T05-37-50,74432,LAKESIDE PHARMACY,NLP,NLP,NLP,20,05/31/2022 12:00:00 AM
2022-06-02T07-54-10,74432,Boomer Solutions Pharmacy Eufaula,NLP,NLP,NLP,20,06/01/2022 12:00:00 AM
2022-06-02T07-54-10,74432,LAKESIDE PHARMACY,NLP,NLP,NLP,20,06/01/2022 12:00:00 AM
2022-06-03T08-50-11,74432,Boomer Solutions Pharmacy Eufaula,NLP,NLP,NLP,20,06/01/2022 12:00:00 AM
2022-06-03T08-50-11,74432,LAKESIDE PHARMACY,NLP,NLP,NLP,20,06/01/2022 12:00:00 AM
2022-06-04T19-11-08,74432,LAKESIDE PHARMACY,NLP,NLP,NLP,19,06/03/2022 12:00:00 AM
2022-06-04T19-11-08,74432,Boomer Solutions Pharmacy Eufaula,NLP,NLP,NLP,19,06/03/2022 12:00:00 AM
2022-06-05T08-48-25,74432,LAKESIDE PHARMACY,NLP,NLP,NLP,19,06/03/2022 12:00:00 AM
2022-06-05T08-48-25,74432,Boomer Solutions Pharmacy Eufaula,NLP,NLP,NLP,19,06/03/2022 12:00:00 AM
2022-06-06T06-32-51,74432,Boomer Solutions Pharmacy Eufaula,NLP,NLP,NLP,19,06/03/2022 12:00:00 AM
2022-06-06T06-32-51,74432,LAKESIDE PHARMACY,NLP,NLP,NLP,19,06/03/2022 12:00:00 AM
2022-06-07T05-36-41,74432,LAKESIDE PHARMACY,NLP,NLP,NLP,19,06/06/2022 12:00:00 AM
2022-06-07T05-36-41,74432,Boomer Solutions Pharmacy Eufaula,NLP,NLP,NLP,19,06/06/2022 12:00:00 AM
2022-06-08T05-42-02,74432,Boomer Solutions Pharmacy Eufaula,NLP,NLP,NLP,19,06/07/2022 12:00:00 AM
2022-06-08T05-42-02,74432,LAKESIDE PHARMACY,NLP,NLP,NLP,19,06/06/2022 12:00:00 AM
2022-06-09T04-15-20,74432,LAKESIDE PHARMACY,NLP,NLP,NLP,19,06/06/2022 12:00:00 AM
2022-06-09T04-15-20,74432,Boomer Solutions Pharmacy Eufaula,NLP,NLP,NLP,19,06/08/2022 12:00:00 AM
2022-06-10T04-15-36,74432,Boomer Solutions Pharmacy Eufaula,NLP,NLP,NLP,19,06/09/2022 12:00:00 AM
2022-06-10T04-15-36,74432,LAKESIDE PHARMACY,NLP,NLP,NLP,19,06/09/2022 12:00:00 AM
2022-06-11T04-15-14,74432,LAKESIDE PHARMACY,NLP,NLP,NLP,19,06/09/2022 12:00:00 AM
2022-06-11T04-15-14,74432,Boomer Solutions Pharmacy Eufaula,NLP,NLP,NLP,19,06/09/2022 12:00:00 AM
2022-06-12T04-15-15,74432,LAKESIDE PHARMACY,NLP,NLP,NLP,19,06/09/2022 12:00:00 AM
2022-06-12T04-15-15,74432,Boomer Solutions Pharmacy Eufaula,NLP,NLP,NLP,19,06/09/2022 12:00:00 AM
2022-06-13T04-15-40,74432,LAKESIDE PHARMACY,NLP,NLP,NLP,19,06/09/2022 12:00:00 AM
2022-06-13T04-15-40,74432,Boomer Solutions Pharmacy Eufaula,NLP,NLP,NLP,19,06/09/2022 12:00:00 AM
2022-06-14T04-15-16,74432,Boomer Solutions Pharmacy Eufaula,NLP,NLP,NLP,19,06/13/2022 12:00:00 AM
2022-06-14T04-15-16,74432,LAKESIDE PHARMACY,NLP,NLP,NLP,19,06/13/2022 12:00:00 AM
2022-06-15T04-15-27,74432,Boomer Solutions Pharmacy Eufaula,NLP,NLP,NLP,19,06/13/2022 12:00:00 AM
2022-06-15T04-15-27,74432,LAKESIDE PHARMACY,NLP,NLP,NLP,19,06/13/2022 12:00:00 AM
2022-06-16T04-15-45,74432,LAKESIDE PHARMACY,NLP,NLP,NLP,19,06/13/2022 12:00:00 AM
2022-06-16T04-15-45,74432,Boomer Solutions Pharmacy Eufaula,NLP,NLP,NLP,19,06/13/2022 12:00:00 AM
2022-06-17T04-15-27,74432,Boomer Solutions Pharmacy Eufaula,NLP,NLP,NLP,19,06/16/2022 12:00:00 AM
2022-06-17T04-15-27,74432,LAKESIDE PHARMACY,NLP,NLP,NLP,19,06/16/2022 12:00:00 AM
2022-06-18T04-15-18,74432,LAKESIDE PHARMACY,NLP,NLP,NLP,19,06/16/2022 12:00:00 AM
2022-06-18T04-15-18,74432,Boomer Solutions Pharmacy Eufaula,NLP,NLP,NLP,19,06/16/2022 12:00:00 AM
2022-06-19T04-15-29,74432,LAKESIDE PHARMACY,NLP,NLP,NLP,19,06/16/2022 12:00:00 AM
2022-06-19T04-15-29,74432,Boomer Solutions Pharmacy Eufaula,NLP,NLP,NLP,19,06/16/2022 12:00:00 AM
2022-06-20T04-15-58,74432,Boomer Solutions Pharmacy Eufaula,NLP,NLP,NLP,19,06/16/2022 12:00:00 AM
2022-06-20T04-15-58,74432,LAKESIDE PHARMACY,NLP,NLP,NLP,19,06/16/2022 12:00:00 AM
2022-06-21T04-15-35,74432,Boomer Solutions Pharmacy Eufaula,NLP,NLP,NLP,18,06/20/2022 12:00:00 AM
2022-06-21T04-15-35,74432,LAKESIDE PHARMACY,NLP,NLP,NLP,19,06/20/2022 12:00:00 AM
2022-06-22T04-15-20,74432,LAKESIDE PHARMACY,NLP,NLP,NLP,19,06/20/2022 12:00:00 AM
2022-06-22T04-15-20,74432,Boomer Solutions Pharmacy Eufaula,NLP,NLP,NLP,18,06/20/2022 12:00:00 AM
2022-06-23T04-15-16,74432,Boomer Solutions Pharmacy Eufaula,NLP,NLP,NLP,18,06/20/2022 12:00:00 AM
2022-06-23T04-15-16,74432,LAKESIDE PHARMACY,NLP,NLP,NLP,19,06/20/2022 12:00:00 AM
2022-06-24T04-15-26,74432,LAKESIDE PHARMACY,NLP,NLP,NLP,19,06/23/2022 12:00:00 AM
2022-06-24T04-15-26,74432,Boomer Solutions Pharmacy Eufaula,NLP,NLP,NLP,18,06/23/2022 12:00:00 AM
2022-06-25T04-15-18,74432,LAKESIDE PHARMACY,NLP,NLP,NLP,19,06/23/2022 12:00:00 AM
2022-06-25T04-15-18,74432,Boomer Solutions Pharmacy Eufaula,NLP,NLP,NLP,18,06/23/2022 12:00:00 AM
2022-06-26T04-15-17,74432,LAKESIDE PHARMACY,NLP,NLP,NLP,19,06/23/2022 12:00:00 AM
2022-06-26T04-15-17,74432,Boomer Solutions Pharmacy Eufaula,NLP,NLP,NLP,18,06/23/2022 12:00:00 AM
2022-06-27T04-15-31,74432,LAKESIDE PHARMACY,NLP,NLP,NLP,19,06/23/2022 12:00:00 AM
2022-06-27T04-15-31,74432,Boomer Solutions Pharmacy Eufaula,NLP,NLP,NLP,18,06/23/2022 12:00:00 AM
2022-06-28T04-15-44,74432,LAKESIDE PHARMACY,NLP,NLP,NLP,19,06/27/2022 12:00:00 AM
2022-06-28T04-15-44,74432,Boomer Solutions Pharmacy Eufaula,NLP,NLP,NLP,18,06/27/2022 12:00:00 AM
2022-06-29T04-15-40,74432,Boomer Solutions Pharmacy Eufaula,NLP,NLP,NLP,18,06/27/2022 12:00:00 AM
2022-06-29T04-15-40,74432,LAKESIDE PHARMACY,NLP,NLP,NLP,19,06/27/2022 12:00:00 AM
2022-06-30T04-15-32,74432,LAKESIDE PHARMACY,NLP,NLP,NLP,19,06/27/2022 12:00:00 AM
2022-06-30T04-15-32,74432,Boomer Solutions Pharmacy Eufaula,NLP,NLP,NLP,18,06/27/2022 12:00:00 AM
2022-07-01T04-15-22,74432,LAKESIDE PHARMACY,NLP,NLP,NLP,19,06/30/2022 12:00:00 AM
2022-07-01T04-15-22,74432,Boomer Solutions Pharmacy Eufaula,NLP,NLP,NLP,18,06/30/2022 12:00:00 AM
2022-07-03T14-40-38,74432,Boomer Solutions Pharmacy Eufaula,NLP,NLP,NLP,18,06/30/2022 12:00:00 AM
2022-07-03T14-40-38,74432,LAKESIDE PHARMACY,NLP,NLP,NLP,19,06/30/2022 12:00:00 AM
2022-07-04T04-15-29,74432,LAKESIDE PHARMACY,NLP,NLP,NLP,19,06/30/2022 12:00:00 AM
2022-07-04T04-15-29,74432,Boomer Solutions Pharmacy Eufaula,NLP,NLP,NLP,18,06/30/2022 12:00:00 AM
2022-07-05T04-15-18,74432,LAKESIDE PHARMACY,NLP,NLP,NLP,19,06/30/2022 12:00:00 AM
2022-07-05T04-15-18,74432,Boomer Solutions Pharmacy Eufaula,NLP,NLP,NLP,18,06/30/2022 12:00:00 AM
2022-07-06T04-15-19,74432,Boomer Solutions Pharmacy Eufaula,NLP,NLP,NLP,17,07/05/2022 12:00:00 AM
2022-07-06T04-15-19,74432,LAKESIDE PHARMACY,NLP,NLP,NLP,19,07/05/2022 12:00:00 AM
2022-07-07T04-15-17,74432,LAKESIDE PHARMACY,NLP,NLP,NLP,19,07/05/2022 12:00:00 AM
2022-07-07T04-15-17,74432,Boomer Solutions Pharmacy Eufaula,NLP,NLP,NLP,17,07/05/2022 12:00:00 AM
2022-07-07T13-15-18,74432,LAKESIDE PHARMACY,NLP,NLP,NLP,19,07/05/2022 12:00:00 AM
2022-07-07T13-15-18,74432,Boomer Solutions Pharmacy Eufaula,NLP,NLP,NLP,17,07/05/2022 12:00:00 AM
2022-07-08T04-15-19,74432,Boomer Solutions Pharmacy Eufaula,NLP,NLP,NLP,15,07/07/2022 12:00:00 AM
2022-07-08T04-15-19,74432,LAKESIDE PHARMACY,NLP,NLP,NLP,19,07/07/2022 12:00:00 AM
2022-07-09T04-15-19,74432,Boomer Solutions Pharmacy Eufaula,NLP,NLP,NLP,15,07/07/2022 12:00:00 AM
2022-07-09T04-15-19,74432,LAKESIDE PHARMACY,NLP,NLP,NLP,19,07/07/2022 12:00:00 AM
2022-07-10T04-15-26,74432,Boomer Solutions Pharmacy Eufaula,NLP,NLP,NLP,15,07/07/2022 12:00:00 AM
2022-07-10T04-15-26,74432,LAKESIDE PHARMACY,NLP,NLP,NLP,19,07/07/2022 12:00:00 AM
2022-07-11T04-15-25,74432,Boomer Solutions Pharmacy Eufaula,NLP,NLP,NLP,15,07/07/2022 12:00:00 AM
2022-07-11T04-15-25,74432,LAKESIDE PHARMACY,NLP,NLP,NLP,19,07/07/2022 12:00:00 AM
2022-07-12T04-15-22,74432,Boomer Solutions Pharmacy Eufaula,NLP,NLP,NLP,12,07/11/2022 12:00:00 AM
2022-07-12T04-15-22,74432,LAKESIDE PHARMACY,NLP,NLP,NLP,19,07/11/2022 12:00:00 AM
2022-07-13T04-15-22,74432,LAKESIDE PHARMACY,NLP,NLP,NLP,19,07/11/2022 12:00:00 AM
2022-07-13T04-15-22,74432,Boomer Solutions Pharmacy Eufaula,NLP,NLP,NLP,12,07/11/2022 12:00:00 AM
2022-07-14T04-15-29,74432,LAKESIDE PHARMACY,NLP,NLP,NLP,19,07/11/2022 12:00:00 AM
2022-07-14T04-15-29,74432,Boomer Solutions Pharmacy Eufaula,NLP,NLP,NLP,12,07/11/2022 12:00:00 AM
2022-07-15T04-15-46,74432,LAKESIDE PHARMACY,NLP,NLP,NLP,19,07/11/2022 12:00:00 AM
2022-07-15T04-15-46,74432,Boomer Solutions Pharmacy Eufaula,NLP,NLP,NLP,11,07/14/2022 12:00:00 AM
2022-07-17T04-15-18,74432,MUSCOGEE (CREEK)NATION EUFAULA,NLP,NLP,NLP,20,07/15/2022 12:00:00 AM
2022-07-17T04-15-18,74432,LAKESIDE PHARMACY,NLP,NLP,NLP,19,07/11/2022 12:00:00 AM
2022-07-17T04-15-18,74432,Boomer Solutions Pharmacy Eufaula,NLP,NLP,NLP,11,07/14/2022 12:00:00 AM
2022-07-18T04-15-21,74432,LAKESIDE PHARMACY,NLP,NLP,NLP,19,07/11/2022 12:00:00 AM
2022-07-18T04-15-21,74432,MUSCOGEE (CREEK)NATION EUFAULA,NLP,NLP,NLP,20,07/15/2022 12:00:00 AM
2022-07-18T04-15-21,74432,Boomer Solutions Pharmacy Eufaula,NLP,NLP,NLP,11,07/14/2022 12:00:00 AM
2022-07-18T07-55-19,74432,Boomer Solutions Pharmacy Eufaula,NLP,NLP,NLP,11,07/14/2022 12:00:00 AM
2022-07-18T07-55-19,74432,LAKESIDE PHARMACY,NLP,NLP,NLP,19,07/11/2022 12:00:00 AM
2022-07-18T07-55-19,74432,MUSCOGEE (CREEK)NATION EUFAULA,NLP,NLP,NLP,20,07/15/2022 12:00:00 AM
2022-07-19T04-15-25,74432,MUSCOGEE (CREEK)NATION EUFAULA,NLP,NLP,NLP,20,07/15/2022 12:00:00 AM
2022-07-19T04-15-25,74432,LAKESIDE PHARMACY,NLP,NLP,NLP,15,07/18/2022 12:00:00 AM
2022-07-19T04-15-25,74432,Boomer Solutions Pharmacy Eufaula,NLP,NLP,NLP,9,07/18/2022 12:00:00 AM
2022-07-20T04-15-41,74432,MUSCOGEE (CREEK)NATION EUFAULA,NLP,NLP,NLP,20,07/15/2022 12:00:00 AM
2022-07-20T04-15-41,74432,Boomer Solutions Pharmacy Eufaula,NLP,NLP,NLP,9,07/18/2022 12:00:00 AM
2022-07-20T04-15-41,74432,LAKESIDE PHARMACY,NLP,NLP,NLP,15,07/18/2022 12:00:00 AM
2022-07-21T04-15-40,74432,Boomer Solutions Pharmacy Eufaula,NLP,NLP,NLP,9,07/18/2022 12:00:00 AM
2022-07-21T04-15-40,74432,LAKESIDE PHARMACY,NLP,NLP,NLP,15,07/18/2022 12:00:00 AM
2022-07-21T04-15-40,74432,MUSCOGEE (CREEK)NATION EUFAULA,NLP,NLP,NLP,20,07/15/2022 12:00:00 AM
2022-07-22T04-15-29,74432,MUSCOGEE (CREEK)NATION EUFAULA,NLP,NLP,NLP,20,07/15/2022 12:00:00 AM
2022-07-22T04-15-29,74432,LAKESIDE PHARMACY,NLP,NLP,NLP,15,07/21/2022 12:00:00 AM
2022-07-22T04-15-29,74432,Boomer Solutions Pharmacy Eufaula,NLP,NLP,NLP,86,07/21/2022 12:00:00 AM
2022-07-23T04-15-20,74432,LAKESIDE PHARMACY,NLP,NLP,NLP,15,07/21/2022 12:00:00 AM
2022-07-23T04-15-20,74432,MUSCOGEE (CREEK)NATION EUFAULA,NLP,NLP,NLP,20,07/15/2022 12:00:00 AM
2022-07-23T04-15-20,74432,Boomer Solutions Pharmacy Eufaula,NLP,NLP,NLP,86,07/21/2022 12:00:00 AM
2022-07-24T04-15-21,74432,LAKESIDE PHARMACY,NLP,NLP,NLP,15,07/21/2022 12:00:00 AM
2022-07-24T04-15-21,74432,MUSCOGEE (CREEK)NATION EUFAULA,NLP,NLP,NLP,20,07/15/2022 12:00:00 AM
2022-07-24T04-15-21,74432,Boomer Solutions Pharmacy Eufaula,NLP,NLP,NLP,86,07/21/2022 12:00:00 AM
