2022-02-18T16-04-21,80112,Walgreens Store #03091,02/17/2022 12:00:00 AM,,40,0,02/18/2022 12:00:00 AM
2022-02-24T09-51-18,80112,Walgreens Store #03091,02/17/2022 12:00:00 AM,02/21/2022 12:00:00 AM,40,40,02/22/2022 12:00:00 AM
2022-03-03T09-56-49,80112,Walgreens Store #03091,02/17/2022 12:00:00 AM,02/21/2022 12:00:00 AM,40,40,02/28/2022 12:00:00 AM
2022-03-03T10-04-44,80112,Walgreens Store #03091,02/17/2022 12:00:00 AM,02/21/2022 12:00:00 AM,40,40,03/02/2022 12:00:00 AM
2022-03-08T14-40-56,80112,Walgreens Store #10704,02/28/2022 12:00:00 AM,03/02/2022 12:00:00 AM,40,40,03/08/2022 12:00:00 AM
2022-03-08T14-40-56,80112,Walgreens Store #03091,02/17/2022 12:00:00 AM,02/21/2022 12:00:00 AM,40,38,03/08/2022 12:00:00 AM
2022-03-16T18-51-35,80112,Walgreens Store #10704,NLP,NLP,NLP,40,03/11/2022 12:00:00 AM
2022-03-16T18-51-35,80112,Walgreens Store #03091,NLP,NLP,NLP,38,03/11/2022 12:00:00 AM
2022-03-18T09-58-11,80112,Walgreens Store #03091,NLP,NLP,NLP,39,03/15/2022 12:00:00 AM
2022-03-18T09-58-11,80112,Walgreens Store #10704,NLP,NLP,NLP,79,03/15/2022 12:00:00 AM
2022-03-18T11-03-37,80112,Walgreens Store #03091,NLP,NLP,NLP,39,03/15/2022 12:00:00 AM
2022-03-18T11-03-37,80112,Walgreens Store #10704,NLP,NLP,NLP,79,03/15/2022 12:00:00 AM
2022-03-18T11-17-38,80112,Walgreens Store #10704,NLP,NLP,NLP,37,03/17/2022 12:00:00 AM
2022-03-18T11-17-38,80112,Walgreens Store #03091,NLP,NLP,NLP,36,03/17/2022 12:00:00 AM
2022-03-18T15-22-50,80112,Walgreens Store #10704,NLP,NLP,NLP,37,03/17/2022 12:00:00 AM
2022-03-18T15-22-50,80112,Walgreens Store #03091,NLP,NLP,NLP,36,03/17/2022 12:00:00 AM
2022-03-19T08-15-59,80112,Walgreens Store #10704,NLP,NLP,NLP,37,03/18/2022 12:00:00 AM
2022-03-19T08-15-59,80112,Walgreens Store #03091,NLP,NLP,NLP,36,03/18/2022 12:00:00 AM
2022-03-19T11-58-02,80112,Walgreens Store #10704,NLP,NLP,NLP,37,03/18/2022 12:00:00 AM
2022-03-19T11-58-02,80112,Walgreens Store #03091,NLP,NLP,NLP,36,03/18/2022 12:00:00 AM
2022-03-20T06-05-37,80112,Walgreens Store #03091,NLP,NLP,NLP,36,03/18/2022 12:00:00 AM
2022-03-20T06-05-37,80112,Walgreens Store #10704,NLP,NLP,NLP,37,03/18/2022 12:00:00 AM
2022-03-21T06-11-50,80112,Walgreens Store #03091,NLP,NLP,NLP,36,03/18/2022 12:00:00 AM
2022-03-21T06-11-50,80112,Walgreens Store #10704,NLP,NLP,NLP,37,03/18/2022 12:00:00 AM
2022-03-21T14-18-38,80112,Walgreens Store #03091,NLP,NLP,NLP,36,03/18/2022 12:00:00 AM
2022-03-21T14-18-38,80112,Walgreens Store #10704,NLP,NLP,NLP,37,03/18/2022 12:00:00 AM
2022-03-21T16-35-27,80112,Walgreens Store #10704,NLP,NLP,NLP,37,03/18/2022 12:00:00 AM
2022-03-21T16-35-27,80112,Walgreens Store #03091,NLP,NLP,NLP,36,03/18/2022 12:00:00 AM
2022-03-22T09-16-18,80112,Walgreens Store #10704,NLP,NLP,NLP,37,03/18/2022 12:00:00 AM
2022-03-22T09-16-18,80112,Walgreens Store #03091,NLP,NLP,NLP,36,03/18/2022 12:00:00 AM
2022-03-23T08-41-43,80112,Walgreens Store #10704,NLP,NLP,NLP,37,03/22/2022 12:00:00 AM
2022-03-23T08-41-43,80112,Walgreens Store #03091,NLP,NLP,NLP,33,03/22/2022 12:00:00 AM
2022-03-24T07-49-11,80112,Walgreens Store #10704,NLP,NLP,NLP,37,03/22/2022 12:00:00 AM
2022-03-24T07-49-11,80112,Walgreens Store #03091,NLP,NLP,NLP,33,03/22/2022 12:00:00 AM
2022-03-24T13-46-29,80112,Walgreens Store #03091,NLP,NLP,NLP,33,03/23/2022 12:00:00 AM
2022-03-24T13-46-29,80112,Walgreens Store #10704,NLP,NLP,NLP,37,03/23/2022 12:00:00 AM
2022-03-25T08-10-53,80112,Walgreens Store #10704,NLP,NLP,NLP,35,03/24/2022 12:00:00 AM
2022-03-25T08-10-53,80112,Walgreens Store #03091,NLP,NLP,NLP,71,03/24/2022 12:00:00 AM
2022-03-26T06-57-27,80112,Walgreens Store #10704,NLP,NLP,NLP,33,03/25/2022 12:00:00 AM
2022-03-26T06-57-27,80112,Walgreens Store #03091,NLP,NLP,NLP,71,03/25/2022 12:00:00 AM
2022-03-26T12-42-50,80112,Walgreens Store #10704,NLP,NLP,NLP,33,03/25/2022 12:00:00 AM
2022-03-26T12-42-50,80112,Walgreens Store #03091,NLP,NLP,NLP,71,03/25/2022 12:00:00 AM
2022-03-27T06-25-27,80112,Walgreens Store #10704,NLP,NLP,NLP,33,03/25/2022 12:00:00 AM
2022-03-27T06-25-27,80112,Walgreens Store #03091,NLP,NLP,NLP,71,03/25/2022 12:00:00 AM
2022-03-28T06-21-17,80112,Walgreens Store #03091,NLP,NLP,NLP,71,03/25/2022 12:00:00 AM
2022-03-28T06-21-17,80112,Walgreens Store #10704,NLP,NLP,NLP,33,03/25/2022 12:00:00 AM
2022-03-29T08-50-48,80112,Walgreens Store #03091,NLP,NLP,NLP,30,03/28/2022 12:00:00 AM
2022-03-29T08-50-48,80112,Walgreens Store #10704,NLP,NLP,NLP,33,03/28/2022 12:00:00 AM
2022-03-30T09-27-07,80112,Walgreens Store #10704,NLP,NLP,NLP,33,03/29/2022 12:00:00 AM
2022-03-30T09-27-07,80112,Walgreens Store #03091,NLP,NLP,NLP,30,03/29/2022 12:00:00 AM
2022-03-31T08-53-07,80112,Walgreens Store #10704,NLP,NLP,NLP,33,03/30/2022 12:00:00 AM
2022-03-31T08-53-07,80112,Walgreens Store #03091,NLP,NLP,NLP,30,03/30/2022 12:00:00 AM
2022-03-31T15-09-22,80112,Walgreens Store #03091,NLP,NLP,NLP,30,03/30/2022 12:00:00 AM
2022-03-31T15-09-22,80112,Walgreens Store #10704,NLP,NLP,NLP,33,03/30/2022 12:00:00 AM
2022-04-01T06-54-45,80112,Walgreens Store #03091,NLP,NLP,NLP,30,03/31/2022 12:00:00 AM
2022-04-01T06-54-45,80112,Walgreens Store #10704,NLP,NLP,NLP,31,03/31/2022 12:00:00 AM
2022-04-02T06-05-59,80112,Walgreens Store #03091,NLP,NLP,NLP,29,04/01/2022 12:00:00 AM
2022-04-02T06-05-59,80112,Walgreens Store #10704,NLP,NLP,NLP,31,04/01/2022 12:00:00 AM
2022-04-03T05-51-54,80112,Walgreens Store #03091,NLP,NLP,NLP,29,04/01/2022 12:00:00 AM
2022-04-03T05-51-54,80112,Walgreens Store #10704,NLP,NLP,NLP,31,04/01/2022 12:00:00 AM
2022-04-04T05-38-24,80112,Walgreens Store #03091,NLP,NLP,NLP,29,04/01/2022 12:00:00 AM
2022-04-04T05-38-24,80112,Walgreens Store #10704,NLP,NLP,NLP,31,04/01/2022 12:00:00 AM
2022-04-05T05-48-33,80112,Walgreens Store #10704,NLP,NLP,NLP,31,04/04/2022 12:00:00 AM
2022-04-05T05-48-33,80112,Walgreens Store #03091,NLP,NLP,NLP,27,04/04/2022 12:00:00 AM
2022-04-06T05-45-18,80112,Walgreens Store #10704,NLP,NLP,NLP,30,04/05/2022 12:00:00 AM
2022-04-06T05-45-18,80112,CVS Store #16033,NLP,NLP,NLP,20,04/05/2022 12:00:00 AM
2022-04-06T05-45-18,80112,Walgreens Store #03091,NLP,NLP,NLP,25,04/05/2022 12:00:00 AM
2022-04-07T05-34-07,80112,Walgreens Store #10704,NLP,NLP,NLP,26,04/06/2022 12:00:00 AM
2022-04-07T05-34-07,80112,Walgreens Store #03091,NLP,NLP,NLP,25,04/06/2022 12:00:00 AM
2022-04-07T05-34-07,80112,CVS Store #16033,NLP,NLP,NLP,20,04/06/2022 12:00:00 AM
2022-04-08T05-48-29,80112,Walgreens Store #10704,NLP,NLP,NLP,26,04/07/2022 12:00:00 AM
2022-04-08T05-48-29,80112,Walgreens Store #03091,NLP,NLP,NLP,25,04/07/2022 12:00:00 AM
2022-04-08T05-48-29,80112,CVS Store #16033,NLP,NLP,NLP,20,04/07/2022 12:00:00 AM
2022-04-09T05-41-09,80112,Walgreens Store #10704,NLP,NLP,NLP,26,04/08/2022 12:00:00 AM
2022-04-09T05-41-09,80112,Walgreens Store #03091,NLP,NLP,NLP,25,04/08/2022 12:00:00 AM
2022-04-09T05-41-09,80112,CVS Store #16033,NLP,NLP,NLP,20,04/08/2022 12:00:00 AM
2022-04-10T09-31-27,80112,Walgreens Store #10704,NLP,NLP,NLP,26,04/08/2022 12:00:00 AM
2022-04-10T09-31-27,80112,Walgreens Store #03091,NLP,NLP,NLP,25,04/08/2022 12:00:00 AM
2022-04-10T09-31-27,80112,CVS Store #16033,NLP,NLP,NLP,20,04/08/2022 12:00:00 AM
2022-04-11T07-06-23,80112,Walgreens Store #10704,NLP,NLP,NLP,26,04/08/2022 12:00:00 AM
2022-04-11T07-06-23,80112,Walgreens Store #03091,NLP,NLP,NLP,25,04/08/2022 12:00:00 AM
2022-04-11T07-06-23,80112,CVS Store #16033,NLP,NLP,NLP,20,04/08/2022 12:00:00 AM
2022-04-12T07-06-55,80112,CVS Store #16033,NLP,NLP,NLP,19,04/11/2022 12:00:00 AM
2022-04-12T07-06-55,80112,Walgreens Store #03091,NLP,NLP,NLP,25,04/11/2022 12:00:00 AM
2022-04-12T07-06-55,80112,Walgreens Store #10704,NLP,NLP,NLP,25,04/11/2022 12:00:00 AM
2022-04-13T09-20-57,80112,CVS Store #16033,NLP,NLP,NLP,18,04/12/2022 12:00:00 AM
2022-04-13T09-20-57,80112,Walgreens Store #10704,NLP,NLP,NLP,25,04/12/2022 12:00:00 AM
2022-04-13T09-20-57,80112,Walgreens Store #03091,NLP,NLP,NLP,25,04/12/2022 12:00:00 AM
2022-04-13T11-55-39,80112,CVS Store #16033,NLP,NLP,NLP,18,04/12/2022 12:00:00 AM
2022-04-13T11-55-39,80112,Walgreens Store #10704,NLP,NLP,NLP,25,04/12/2022 12:00:00 AM
2022-04-13T11-55-39,80112,Walgreens Store #03091,NLP,NLP,NLP,25,04/12/2022 12:00:00 AM
2022-04-14T09-18-06,80112,CVS Store #16033,NLP,NLP,NLP,17,04/13/2022 12:00:00 AM
2022-04-14T09-18-06,80112,Walgreens Store #03091,NLP,NLP,NLP,25,04/13/2022 12:00:00 AM
2022-04-14T09-18-06,80112,Walgreens Store #10704,NLP,NLP,NLP,24,04/13/2022 12:00:00 AM
2022-04-15T06-03-51,80112,CVS Store #16033,NLP,NLP,NLP,17,04/14/2022 12:00:00 AM
2022-04-15T06-03-51,80112,Walgreens Store #10704,NLP,NLP,NLP,23,04/14/2022 12:00:00 AM
2022-04-15T06-03-51,80112,Walgreens Store #03091,NLP,NLP,NLP,25,04/14/2022 12:00:00 AM
2022-04-16T05-33-42,80112,CVS Store #16033,NLP,NLP,NLP,16,04/15/2022 12:00:00 AM
2022-04-16T05-33-42,80112,Walgreens Store #03091,NLP,NLP,NLP,25,04/15/2022 12:00:00 AM
2022-04-16T05-33-42,80112,Walgreens Store #10704,NLP,NLP,NLP,21,04/15/2022 12:00:00 AM
2022-04-17T05-32-24,80112,Walgreens Store #10704,NLP,NLP,NLP,21,04/15/2022 12:00:00 AM
2022-04-17T05-32-24,80112,CVS Store #16033,NLP,NLP,NLP,16,04/15/2022 12:00:00 AM
2022-04-17T05-32-24,80112,Walgreens Store #03091,NLP,NLP,NLP,25,04/15/2022 12:00:00 AM
2022-04-18T05-31-10,80112,CVS Store #16033,NLP,NLP,NLP,16,04/15/2022 12:00:00 AM
2022-04-18T05-31-10,80112,Walgreens Store #10704,NLP,NLP,NLP,21,04/15/2022 12:00:00 AM
2022-04-18T05-31-10,80112,Walgreens Store #03091,NLP,NLP,NLP,25,04/15/2022 12:00:00 AM
2022-04-19T05-39-24,80112,Walgreens Store #10704,NLP,NLP,NLP,19,04/18/2022 12:00:00 AM
2022-04-19T05-39-24,80112,Walgreens Store #03091,NLP,NLP,NLP,24,04/18/2022 12:00:00 AM
2022-04-19T05-39-24,80112,CVS Store #16033,NLP,NLP,NLP,16,04/18/2022 12:00:00 AM
2022-04-20T05-27-37,80112,Walgreens Store #10704,NLP,NLP,NLP,19,04/18/2022 12:00:00 AM
2022-04-20T05-27-37,80112,CVS Store #16033,NLP,NLP,NLP,16,04/19/2022 12:00:00 AM
2022-04-20T05-27-37,80112,Walgreens Store #03091,NLP,NLP,NLP,24,04/18/2022 12:00:00 AM
2022-04-21T05-29-54,80112,CVS Store #16033,NLP,NLP,NLP,16,04/20/2022 12:00:00 AM
2022-04-21T05-29-54,80112,Walgreens Store #10704,NLP,NLP,NLP,12,04/20/2022 12:00:00 AM
2022-04-21T05-29-54,80112,Walgreens Store #03091,NLP,NLP,NLP,23,04/20/2022 12:00:00 AM
2022-04-22T05-26-18,80112,CVS Store #16033,NLP,NLP,NLP,14,04/21/2022 12:00:00 AM
2022-04-22T05-26-18,80112,Walgreens Store #03091,NLP,NLP,NLP,23,04/21/2022 12:00:00 AM
2022-04-22T05-26-18,80112,Walgreens Store #10704,NLP,NLP,NLP,12,04/21/2022 12:00:00 AM
2022-04-23T05-25-10,80112,CVS Store #16033,NLP,NLP,NLP,12,04/22/2022 12:00:00 AM
2022-04-23T05-25-10,80112,Walgreens Store #10704,NLP,NLP,NLP,6,04/22/2022 12:00:00 AM
2022-04-23T05-25-10,80112,Walgreens Store #03091,NLP,NLP,NLP,21,04/22/2022 12:00:00 AM
2022-04-24T05-22-24,80112,CVS Store #16033,NLP,NLP,NLP,12,04/22/2022 12:00:00 AM
2022-04-24T05-22-24,80112,Walgreens Store #03091,NLP,NLP,NLP,21,04/22/2022 12:00:00 AM
2022-04-24T05-22-24,80112,Walgreens Store #10704,NLP,NLP,NLP,6,04/22/2022 12:00:00 AM
2022-04-25T05-22-33,80112,Walgreens Store #10704,NLP,NLP,NLP,6,04/22/2022 12:00:00 AM
2022-04-25T05-22-33,80112,Walgreens Store #03091,NLP,NLP,NLP,21,04/22/2022 12:00:00 AM
2022-04-25T05-22-33,80112,CVS Store #16033,NLP,NLP,NLP,12,04/22/2022 12:00:00 AM
2022-04-26T05-20-54,80112,CVS Store #16033,NLP,NLP,NLP,11,04/25/2022 12:00:00 AM
2022-04-26T05-20-54,80112,Walgreens Store #03091,NLP,NLP,NLP,18,04/25/2022 12:00:00 AM
2022-04-26T05-20-54,80112,Walgreens Store #10704,NLP,NLP,NLP,2,04/25/2022 12:00:00 AM
2022-04-27T05-23-49,80112,Walgreens Store #03091,NLP,NLP,NLP,18,04/26/2022 12:00:00 AM
2022-04-27T05-23-49,80112,Walgreens Store #10704,NLP,NLP,NLP,2,04/26/2022 12:00:00 AM
2022-04-27T05-23-49,80112,CVS Store #16033,NLP,NLP,NLP,11,04/26/2022 12:00:00 AM
2022-04-28T09-22-45,80112,Walmart Pharmacy #3313,NLP,NLP,NLP,5,04/27/2022 12:00:00 AM
2022-04-28T09-22-45,80112,CVS Store #16033,NLP,NLP,NLP,11,04/26/2022 12:00:00 AM
2022-04-28T09-22-45,80112,Walgreens Store #03091,NLP,NLP,NLP,18,04/27/2022 12:00:00 AM
2022-04-29T05-13-54,80112,Walmart Pharmacy #3313,NLP,NLP,NLP,5,04/28/2022 12:00:00 AM
2022-04-29T05-13-54,80112,Walgreens Store #03091,NLP,NLP,NLP,17,04/28/2022 12:00:00 AM
2022-04-29T05-13-54,80112,CVS Store #16033,NLP,NLP,NLP,8,04/28/2022 12:00:00 AM
2022-04-30T05-15-55,80112,Walmart Pharmacy #3313,NLP,NLP,NLP,5,04/29/2022 12:00:00 AM
2022-04-30T05-15-55,80112,Walgreens Store #03091,NLP,NLP,NLP,15,04/29/2022 12:00:00 AM
2022-04-30T05-15-55,80112,CVS Store #16033,NLP,NLP,NLP,7,04/29/2022 12:00:00 AM
2022-05-01T05-13-51,80112,CVS Store #16033,NLP,NLP,NLP,7,04/29/2022 12:00:00 AM
2022-05-01T05-13-51,80112,Walgreens Store #03091,NLP,NLP,NLP,15,04/29/2022 12:00:00 AM
2022-05-01T05-13-51,80112,Walmart Pharmacy #3313,NLP,NLP,NLP,5,04/29/2022 12:00:00 AM
2022-05-02T06-02-50,80112,Walgreens Store #03091,NLP,NLP,NLP,15,04/29/2022 12:00:00 AM
2022-05-02T06-02-50,80112,Walmart Pharmacy #3313,NLP,NLP,NLP,5,04/29/2022 12:00:00 AM
2022-05-02T06-02-50,80112,CVS Store #16033,NLP,NLP,NLP,7,04/29/2022 12:00:00 AM
2022-05-03T06-05-23,80112,Walgreens Store #03091,NLP,NLP,NLP,15,04/29/2022 12:00:00 AM
2022-05-03T06-05-23,80112,CVS Store #16033,NLP,NLP,NLP,4,05/02/2022 12:00:00 AM
2022-05-03T06-05-23,80112,Walmart Pharmacy #3313,NLP,NLP,NLP,5,05/02/2022 12:00:00 AM
2022-05-04T05-12-02,80112,Walmart Pharmacy #3313,NLP,NLP,NLP,5,05/03/2022 12:00:00 AM
2022-05-04T05-12-02,80112,CVS Store #16033,NLP,NLP,NLP,24,05/03/2022 12:00:00 AM
2022-05-04T05-12-02,80112,Walgreens Store #03091,NLP,NLP,NLP,15,04/29/2022 12:00:00 AM
2022-05-05T09-49-47,80112,Walmart Pharmacy #3313,NLP,NLP,NLP,5,05/03/2022 12:00:00 AM
2022-05-05T09-49-47,80112,CVS Store #16033,NLP,NLP,NLP,24,05/04/2022 12:00:00 AM
2022-05-05T09-49-47,80112,Walgreens Store #03091,NLP,NLP,NLP,15,04/29/2022 12:00:00 AM
2022-05-06T06-12-41,80112,Walgreens Store #10704,NLP,NLP,NLP,36,05/05/2022 12:00:00 AM
2022-05-06T06-12-41,80112,Walmart Pharmacy #3313,NLP,NLP,NLP,25,05/05/2022 12:00:00 AM
2022-05-06T06-12-41,80112,CVS Store #16033,NLP,NLP,NLP,24,05/05/2022 12:00:00 AM
2022-05-06T06-12-41,80112,Walgreens Store #03091,NLP,NLP,NLP,1,05/05/2022 12:00:00 AM
2022-05-07T05-45-31,80112,Walgreens Store #10704,NLP,NLP,NLP,36,05/05/2022 12:00:00 AM
2022-05-07T05-45-31,80112,Walmart Pharmacy #3313,NLP,NLP,NLP,25,05/06/2022 12:00:00 AM
2022-05-07T05-45-31,80112,CVS Store #16033,NLP,NLP,NLP,23,05/06/2022 12:00:00 AM
2022-05-07T05-45-31,80112,Walgreens Store #03091,NLP,NLP,NLP,1,05/05/2022 12:00:00 AM
2022-05-08T10-02-59,80112,Walmart Pharmacy #3313,NLP,NLP,NLP,25,05/06/2022 12:00:00 AM
2022-05-08T10-02-59,80112,Walgreens Store #10704,NLP,NLP,NLP,36,05/05/2022 12:00:00 AM
2022-05-08T10-02-59,80112,Walgreens Store #03091,NLP,NLP,NLP,1,05/05/2022 12:00:00 AM
2022-05-08T10-02-59,80112,CVS Store #16033,NLP,NLP,NLP,23,05/06/2022 12:00:00 AM
2022-05-09T05-08-14,80112,Walmart Pharmacy #3313,NLP,NLP,NLP,25,05/06/2022 12:00:00 AM
2022-05-09T05-08-14,80112,Walgreens Store #10704,NLP,NLP,NLP,36,05/05/2022 12:00:00 AM
2022-05-09T05-08-14,80112,CVS Store #16033,NLP,NLP,NLP,23,05/06/2022 12:00:00 AM
2022-05-09T05-08-14,80112,Walgreens Store #03091,NLP,NLP,NLP,1,05/05/2022 12:00:00 AM
2022-05-10T06-06-54,80112,Walgreens Store #10704,NLP,NLP,NLP,36,05/05/2022 12:00:00 AM
2022-05-10T06-06-54,80112,Walmart Pharmacy #3313,NLP,NLP,NLP,24,05/09/2022 12:00:00 AM
2022-05-10T06-06-54,80112,Walgreens Store #03091,NLP,NLP,NLP,1,05/05/2022 12:00:00 AM
2022-05-10T06-06-54,80112,CVS Store #16033,NLP,NLP,NLP,21,05/09/2022 12:00:00 AM
2022-05-11T06-51-12,80112,Walgreens Store #10704,NLP,NLP,NLP,11,05/10/2022 12:00:00 AM
2022-05-11T06-51-12,80112,CVS Store #16033,NLP,NLP,NLP,21,05/10/2022 12:00:00 AM
2022-05-11T06-51-12,80112,Walmart Pharmacy #3313,NLP,NLP,NLP,22,05/10/2022 12:00:00 AM
2022-05-12T07-16-49,80112,CVS Store #16033,NLP,NLP,NLP,21,05/11/2022 12:00:00 AM
2022-05-12T07-16-49,80112,Walmart Pharmacy #3313,NLP,NLP,NLP,22,05/11/2022 12:00:00 AM
2022-05-12T07-16-49,80112,Walgreens Store #03091,NLP,NLP,NLP,16,05/11/2022 12:00:00 AM
2022-05-13T06-07-31,80112,Walmart Pharmacy #3313,NLP,NLP,NLP,22,05/12/2022 12:00:00 AM
2022-05-13T06-07-31,80112,CVS Store #16033,NLP,NLP,NLP,21,05/12/2022 12:00:00 AM
2022-05-13T06-07-31,80112,Walgreens Store #03091,NLP,NLP,NLP,14,05/12/2022 12:00:00 AM
2022-05-14T08-49-14,80112,Walmart Pharmacy #3313,NLP,NLP,NLP,22,05/13/2022 12:00:00 AM
2022-05-14T08-49-14,80112,Walgreens Store #03091,NLP,NLP,NLP,9,05/13/2022 12:00:00 AM
2022-05-14T08-49-14,80112,CVS Store #16033,NLP,NLP,NLP,21,05/13/2022 12:00:00 AM
2022-05-15T05-54-13,80112,Walmart Pharmacy #3313,NLP,NLP,NLP,22,05/13/2022 12:00:00 AM
2022-05-15T05-54-13,80112,Walgreens Store #03091,NLP,NLP,NLP,9,05/13/2022 12:00:00 AM
2022-05-15T05-54-13,80112,CVS Store #16033,NLP,NLP,NLP,21,05/13/2022 12:00:00 AM
2022-05-16T05-54-24,80112,Walmart Pharmacy #3313,NLP,NLP,NLP,22,05/13/2022 12:00:00 AM
2022-05-16T05-54-24,80112,Walgreens Store #03091,NLP,NLP,NLP,9,05/13/2022 12:00:00 AM
2022-05-16T05-54-24,80112,CVS Store #16033,NLP,NLP,NLP,21,05/13/2022 12:00:00 AM
2022-05-17T05-27-38,80112,Walgreens Store #10704,NLP,NLP,NLP,1,05/16/2022 12:00:00 AM
2022-05-17T05-27-38,80112,Walgreens Store #03091,NLP,NLP,NLP,27,05/16/2022 12:00:00 AM
2022-05-17T05-27-38,80112,Walmart Pharmacy #3313,NLP,NLP,NLP,22,05/16/2022 12:00:00 AM
2022-05-17T05-27-38,80112,CVS Store #16033,NLP,NLP,NLP,21,05/13/2022 12:00:00 AM
2022-05-18T05-40-23,80112,CVS Store #16033,NLP,NLP,NLP,16,05/17/2022 12:00:00 AM
2022-05-18T05-40-23,80112,Walmart Pharmacy #3313,NLP,NLP,NLP,21,05/17/2022 12:00:00 AM
2022-05-18T05-40-23,80112,WALGREENS STORE #03091,NLP,NLP,NLP,24,05/17/2022 12:00:00 AM
2022-05-19T05-25-31,80112,WALGREENS STORE #10704,NLP,NLP,NLP,16,05/18/2022 12:00:00 AM
2022-05-19T05-25-31,80112,WALGREENS STORE #03091,NLP,NLP,NLP,23,05/18/2022 12:00:00 AM
2022-05-19T05-25-31,80112,Walmart Pharmacy #3313,NLP,NLP,NLP,21,05/17/2022 12:00:00 AM
2022-05-19T05-25-31,80112,CVS Store #16033,NLP,NLP,NLP,16,05/18/2022 12:00:00 AM
2022-05-20T05-59-40,80112,WALGREENS STORE #10704,NLP,NLP,NLP,16,05/18/2022 12:00:00 AM
2022-05-20T05-59-40,80112,WALGREENS STORE #03091,NLP,NLP,NLP,23,05/18/2022 12:00:00 AM
2022-05-20T05-59-40,80112,Walmart Pharmacy #3313,NLP,NLP,NLP,21,05/17/2022 12:00:00 AM
2022-05-20T05-59-40,80112,CVS Store #16033,NLP,NLP,NLP,16,05/18/2022 12:00:00 AM
2022-05-21T05-54-21,80112,WALGREENS STORE #10704,NLP,NLP,NLP,16,05/19/2022 12:00:00 AM
2022-05-21T05-54-21,80112,CVS Store #16033,NLP,NLP,NLP,16,05/20/2022 12:00:00 AM
2022-05-21T05-54-21,80112,WALGREENS STORE #03091,NLP,NLP,NLP,23,05/19/2022 12:00:00 AM
2022-05-21T05-54-21,80112,Walmart Pharmacy #3313,NLP,NLP,NLP,19,05/20/2022 12:00:00 AM
2022-05-22T09-07-10,80112,WALGREENS STORE #10704,NLP,NLP,NLP,16,05/19/2022 12:00:00 AM
2022-05-22T09-07-10,80112,CVS Store #16033,NLP,NLP,NLP,16,05/20/2022 12:00:00 AM
2022-05-22T09-07-10,80112,Walmart Pharmacy #3313,NLP,NLP,NLP,19,05/20/2022 12:00:00 AM
2022-05-22T09-07-10,80112,WALGREENS STORE #03091,NLP,NLP,NLP,23,05/19/2022 12:00:00 AM
2022-05-23T07-42-39,80112,WALGREENS STORE #10704,NLP,NLP,NLP,16,05/19/2022 12:00:00 AM
2022-05-23T07-42-39,80112,CVS Store #16033,NLP,NLP,NLP,16,05/20/2022 12:00:00 AM
2022-05-23T07-42-39,80112,WALGREENS STORE #03091,NLP,NLP,NLP,23,05/19/2022 12:00:00 AM
2022-05-23T07-42-39,80112,Walmart Pharmacy #3313,NLP,NLP,NLP,19,05/20/2022 12:00:00 AM
2022-05-23T07-42-39,80112,WALGREENS STORE #10704,NLP,NLP,NLP,16,05/19/2022 12:00:00 AM
2022-05-23T07-42-39,80112,CVS Store #16033,NLP,NLP,NLP,16,05/20/2022 12:00:00 AM
2022-05-23T07-42-39,80112,WALGREENS STORE #03091,NLP,NLP,NLP,23,05/19/2022 12:00:00 AM
2022-05-23T07-42-39,80112,Walmart Pharmacy #3313,NLP,NLP,NLP,19,05/20/2022 12:00:00 AM
2022-05-23T07-42-39,80112,WALGREENS STORE #10704,NLP,NLP,NLP,16,05/19/2022 12:00:00 AM
2022-05-23T07-42-39,80112,CVS Store #16033,NLP,NLP,NLP,16,05/20/2022 12:00:00 AM
2022-05-23T07-42-39,80112,WALGREENS STORE #03091,NLP,NLP,NLP,23,05/19/2022 12:00:00 AM
2022-05-23T07-42-39,80112,Walmart Pharmacy #3313,NLP,NLP,NLP,19,05/20/2022 12:00:00 AM
2022-05-23T07-42-39,80112,WALGREENS STORE #10704,NLP,NLP,NLP,16,05/19/2022 12:00:00 AM
2022-05-23T07-42-39,80112,CVS Store #16033,NLP,NLP,NLP,16,05/20/2022 12:00:00 AM
2022-05-23T07-42-39,80112,WALGREENS STORE #03091,NLP,NLP,NLP,23,05/19/2022 12:00:00 AM
2022-05-23T07-42-39,80112,Walmart Pharmacy #3313,NLP,NLP,NLP,19,05/20/2022 12:00:00 AM
2022-05-23T07-42-39,80112,WALGREENS STORE #10704,NLP,NLP,NLP,16,05/19/2022 12:00:00 AM
2022-05-23T07-42-39,80112,CVS Store #16033,NLP,NLP,NLP,16,05/20/2022 12:00:00 AM
2022-05-23T07-42-39,80112,WALGREENS STORE #03091,NLP,NLP,NLP,23,05/19/2022 12:00:00 AM
2022-05-23T07-42-39,80112,Walmart Pharmacy #3313,NLP,NLP,NLP,19,05/20/2022 12:00:00 AM
2022-05-23T07-42-39,80112,WALGREENS STORE #10704,NLP,NLP,NLP,16,05/19/2022 12:00:00 AM
2022-05-23T07-42-39,80112,CVS Store #16033,NLP,NLP,NLP,16,05/20/2022 12:00:00 AM
2022-05-23T07-42-39,80112,WALGREENS STORE #03091,NLP,NLP,NLP,23,05/19/2022 12:00:00 AM
2022-05-23T07-42-39,80112,Walmart Pharmacy #3313,NLP,NLP,NLP,19,05/20/2022 12:00:00 AM
2022-05-23T07-42-39,80112,WALGREENS STORE #10704,NLP,NLP,NLP,16,05/19/2022 12:00:00 AM
2022-05-23T07-42-39,80112,CVS Store #16033,NLP,NLP,NLP,16,05/20/2022 12:00:00 AM
2022-05-23T07-42-39,80112,WALGREENS STORE #03091,NLP,NLP,NLP,23,05/19/2022 12:00:00 AM
2022-05-23T07-42-39,80112,Walmart Pharmacy #3313,NLP,NLP,NLP,19,05/20/2022 12:00:00 AM
2022-05-23T07-42-39,80112,WALGREENS STORE #10704,NLP,NLP,NLP,16,05/19/2022 12:00:00 AM
2022-05-23T07-42-39,80112,CVS Store #16033,NLP,NLP,NLP,16,05/20/2022 12:00:00 AM
2022-05-23T07-42-39,80112,WALGREENS STORE #03091,NLP,NLP,NLP,23,05/19/2022 12:00:00 AM
2022-05-23T07-42-39,80112,Walmart Pharmacy #3313,NLP,NLP,NLP,19,05/20/2022 12:00:00 AM
2022-05-23T07-42-39,80112,WALGREENS STORE #10704,NLP,NLP,NLP,16,05/19/2022 12:00:00 AM
2022-05-23T07-42-39,80112,CVS Store #16033,NLP,NLP,NLP,16,05/20/2022 12:00:00 AM
2022-05-23T07-42-39,80112,WALGREENS STORE #03091,NLP,NLP,NLP,23,05/19/2022 12:00:00 AM
2022-05-23T07-42-39,80112,Walmart Pharmacy #3313,NLP,NLP,NLP,19,05/20/2022 12:00:00 AM
2022-05-23T07-42-39,80112,WALGREENS STORE #10704,NLP,NLP,NLP,16,05/19/2022 12:00:00 AM
2022-05-23T07-42-39,80112,CVS Store #16033,NLP,NLP,NLP,16,05/20/2022 12:00:00 AM
2022-05-23T07-42-39,80112,WALGREENS STORE #03091,NLP,NLP,NLP,23,05/19/2022 12:00:00 AM
2022-05-23T07-42-39,80112,Walmart Pharmacy #3313,NLP,NLP,NLP,19,05/20/2022 12:00:00 AM
2022-05-23T07-42-39,80112,WALGREENS STORE #10704,NLP,NLP,NLP,16,05/19/2022 12:00:00 AM
2022-05-23T07-42-39,80112,CVS Store #16033,NLP,NLP,NLP,16,05/20/2022 12:00:00 AM
2022-05-23T07-42-39,80112,WALGREENS STORE #03091,NLP,NLP,NLP,23,05/19/2022 12:00:00 AM
2022-05-23T07-42-39,80112,Walmart Pharmacy #3313,NLP,NLP,NLP,19,05/20/2022 12:00:00 AM
2022-05-23T07-42-39,80112,WALGREENS STORE #10704,NLP,NLP,NLP,16,05/19/2022 12:00:00 AM
2022-05-23T07-42-39,80112,CVS Store #16033,NLP,NLP,NLP,16,05/20/2022 12:00:00 AM
2022-05-23T07-42-39,80112,WALGREENS STORE #03091,NLP,NLP,NLP,23,05/19/2022 12:00:00 AM
2022-05-23T07-42-39,80112,Walmart Pharmacy #3313,NLP,NLP,NLP,19,05/20/2022 12:00:00 AM
2022-05-23T07-42-39,80112,WALGREENS STORE #10704,NLP,NLP,NLP,16,05/19/2022 12:00:00 AM
2022-05-23T07-42-39,80112,CVS Store #16033,NLP,NLP,NLP,16,05/20/2022 12:00:00 AM
2022-05-23T07-42-39,80112,WALGREENS STORE #03091,NLP,NLP,NLP,23,05/19/2022 12:00:00 AM
2022-05-23T07-42-39,80112,Walmart Pharmacy #3313,NLP,NLP,NLP,19,05/20/2022 12:00:00 AM
2022-05-23T07-42-39,80112,WALGREENS STORE #10704,NLP,NLP,NLP,16,05/19/2022 12:00:00 AM
2022-05-23T07-42-39,80112,CVS Store #16033,NLP,NLP,NLP,16,05/20/2022 12:00:00 AM
2022-05-23T07-42-39,80112,WALGREENS STORE #03091,NLP,NLP,NLP,23,05/19/2022 12:00:00 AM
2022-05-23T07-42-39,80112,Walmart Pharmacy #3313,NLP,NLP,NLP,19,05/20/2022 12:00:00 AM
2022-05-23T07-42-39,80112,WALGREENS STORE #10704,NLP,NLP,NLP,16,05/19/2022 12:00:00 AM
2022-05-23T07-42-39,80112,CVS Store #16033,NLP,NLP,NLP,16,05/20/2022 12:00:00 AM
2022-05-23T07-42-39,80112,WALGREENS STORE #03091,NLP,NLP,NLP,23,05/19/2022 12:00:00 AM
2022-05-23T07-42-39,80112,Walmart Pharmacy #3313,NLP,NLP,NLP,19,05/20/2022 12:00:00 AM
2022-05-23T07-42-39,80112,WALGREENS STORE #10704,NLP,NLP,NLP,16,05/19/2022 12:00:00 AM
2022-05-23T07-42-39,80112,CVS Store #16033,NLP,NLP,NLP,16,05/20/2022 12:00:00 AM
2022-05-23T07-42-39,80112,WALGREENS STORE #03091,NLP,NLP,NLP,23,05/19/2022 12:00:00 AM
2022-05-23T07-42-39,80112,Walmart Pharmacy #3313,NLP,NLP,NLP,19,05/20/2022 12:00:00 AM
2022-05-24T05-46-03,80112,Walmart Pharmacy #3313,NLP,NLP,NLP,15,05/23/2022 12:00:00 AM
2022-05-24T05-46-03,80112,WALGREENS STORE #10704,NLP,NLP,NLP,28,05/23/2022 12:00:00 AM
2022-05-24T05-46-03,80112,CVS Store #16033,NLP,NLP,NLP,13,05/23/2022 12:00:00 AM
2022-05-24T05-46-03,80112,WALGREENS STORE #03091,NLP,NLP,NLP,19,05/23/2022 12:00:00 AM
2022-05-24T05-46-03,80112,Walmart Pharmacy #3313,NLP,NLP,NLP,15,05/23/2022 12:00:00 AM
2022-05-24T05-46-03,80112,WALGREENS STORE #10704,NLP,NLP,NLP,28,05/23/2022 12:00:00 AM
2022-05-24T05-46-03,80112,CVS Store #16033,NLP,NLP,NLP,13,05/23/2022 12:00:00 AM
2022-05-24T05-46-03,80112,WALGREENS STORE #03091,NLP,NLP,NLP,19,05/23/2022 12:00:00 AM
2022-05-24T05-46-03,80112,Walmart Pharmacy #3313,NLP,NLP,NLP,15,05/23/2022 12:00:00 AM
2022-05-24T05-46-03,80112,WALGREENS STORE #10704,NLP,NLP,NLP,28,05/23/2022 12:00:00 AM
2022-05-24T05-46-03,80112,CVS Store #16033,NLP,NLP,NLP,13,05/23/2022 12:00:00 AM
2022-05-24T05-46-03,80112,WALGREENS STORE #03091,NLP,NLP,NLP,19,05/23/2022 12:00:00 AM
2022-05-24T05-46-03,80112,Walmart Pharmacy #3313,NLP,NLP,NLP,15,05/23/2022 12:00:00 AM
2022-05-24T05-46-03,80112,WALGREENS STORE #10704,NLP,NLP,NLP,28,05/23/2022 12:00:00 AM
2022-05-24T05-46-03,80112,CVS Store #16033,NLP,NLP,NLP,13,05/23/2022 12:00:00 AM
2022-05-24T05-46-03,80112,WALGREENS STORE #03091,NLP,NLP,NLP,19,05/23/2022 12:00:00 AM
2022-05-24T05-46-03,80112,Walmart Pharmacy #3313,NLP,NLP,NLP,15,05/23/2022 12:00:00 AM
2022-05-24T05-46-03,80112,WALGREENS STORE #10704,NLP,NLP,NLP,28,05/23/2022 12:00:00 AM
2022-05-24T05-46-03,80112,CVS Store #16033,NLP,NLP,NLP,13,05/23/2022 12:00:00 AM
2022-05-24T05-46-03,80112,WALGREENS STORE #03091,NLP,NLP,NLP,19,05/23/2022 12:00:00 AM
2022-05-24T05-46-03,80112,Walmart Pharmacy #3313,NLP,NLP,NLP,15,05/23/2022 12:00:00 AM
2022-05-24T05-46-03,80112,WALGREENS STORE #10704,NLP,NLP,NLP,28,05/23/2022 12:00:00 AM
2022-05-24T05-46-03,80112,CVS Store #16033,NLP,NLP,NLP,13,05/23/2022 12:00:00 AM
2022-05-24T05-46-03,80112,WALGREENS STORE #03091,NLP,NLP,NLP,19,05/23/2022 12:00:00 AM
2022-05-24T05-46-03,80112,Walmart Pharmacy #3313,NLP,NLP,NLP,15,05/23/2022 12:00:00 AM
2022-05-24T05-46-03,80112,WALGREENS STORE #10704,NLP,NLP,NLP,28,05/23/2022 12:00:00 AM
2022-05-24T05-46-03,80112,CVS Store #16033,NLP,NLP,NLP,13,05/23/2022 12:00:00 AM
2022-05-24T05-46-03,80112,WALGREENS STORE #03091,NLP,NLP,NLP,19,05/23/2022 12:00:00 AM
2022-05-24T05-46-03,80112,Walmart Pharmacy #3313,NLP,NLP,NLP,15,05/23/2022 12:00:00 AM
2022-05-24T05-46-03,80112,WALGREENS STORE #10704,NLP,NLP,NLP,28,05/23/2022 12:00:00 AM
2022-05-24T05-46-03,80112,CVS Store #16033,NLP,NLP,NLP,13,05/23/2022 12:00:00 AM
2022-05-24T05-46-03,80112,WALGREENS STORE #03091,NLP,NLP,NLP,19,05/23/2022 12:00:00 AM
2022-05-24T05-46-03,80112,Walmart Pharmacy #3313,NLP,NLP,NLP,15,05/23/2022 12:00:00 AM
2022-05-24T05-46-03,80112,WALGREENS STORE #10704,NLP,NLP,NLP,28,05/23/2022 12:00:00 AM
2022-05-24T05-46-03,80112,CVS Store #16033,NLP,NLP,NLP,13,05/23/2022 12:00:00 AM
2022-05-24T05-46-03,80112,WALGREENS STORE #03091,NLP,NLP,NLP,19,05/23/2022 12:00:00 AM
2022-05-24T05-46-03,80112,Walmart Pharmacy #3313,NLP,NLP,NLP,15,05/23/2022 12:00:00 AM
2022-05-24T05-46-03,80112,WALGREENS STORE #10704,NLP,NLP,NLP,28,05/23/2022 12:00:00 AM
2022-05-24T05-46-03,80112,CVS Store #16033,NLP,NLP,NLP,13,05/23/2022 12:00:00 AM
2022-05-24T05-46-03,80112,WALGREENS STORE #03091,NLP,NLP,NLP,19,05/23/2022 12:00:00 AM
2022-05-24T05-46-03,80112,Walmart Pharmacy #3313,NLP,NLP,NLP,15,05/23/2022 12:00:00 AM
2022-05-24T05-46-03,80112,WALGREENS STORE #10704,NLP,NLP,NLP,28,05/23/2022 12:00:00 AM
2022-05-24T05-46-03,80112,CVS Store #16033,NLP,NLP,NLP,13,05/23/2022 12:00:00 AM
2022-05-24T05-46-03,80112,WALGREENS STORE #03091,NLP,NLP,NLP,19,05/23/2022 12:00:00 AM
2022-05-24T05-46-03,80112,Walmart Pharmacy #3313,NLP,NLP,NLP,15,05/23/2022 12:00:00 AM
2022-05-24T05-46-03,80112,WALGREENS STORE #10704,NLP,NLP,NLP,28,05/23/2022 12:00:00 AM
2022-05-24T05-46-03,80112,CVS Store #16033,NLP,NLP,NLP,13,05/23/2022 12:00:00 AM
2022-05-24T05-46-03,80112,WALGREENS STORE #03091,NLP,NLP,NLP,19,05/23/2022 12:00:00 AM
2022-05-24T05-46-03,80112,Walmart Pharmacy #3313,NLP,NLP,NLP,15,05/23/2022 12:00:00 AM
2022-05-24T05-46-03,80112,WALGREENS STORE #10704,NLP,NLP,NLP,28,05/23/2022 12:00:00 AM
2022-05-24T05-46-03,80112,CVS Store #16033,NLP,NLP,NLP,13,05/23/2022 12:00:00 AM
2022-05-24T05-46-03,80112,WALGREENS STORE #03091,NLP,NLP,NLP,19,05/23/2022 12:00:00 AM
2022-05-24T05-46-03,80112,Walmart Pharmacy #3313,NLP,NLP,NLP,15,05/23/2022 12:00:00 AM
2022-05-24T05-46-03,80112,WALGREENS STORE #10704,NLP,NLP,NLP,28,05/23/2022 12:00:00 AM
2022-05-24T05-46-03,80112,CVS Store #16033,NLP,NLP,NLP,13,05/23/2022 12:00:00 AM
2022-05-24T05-46-03,80112,WALGREENS STORE #03091,NLP,NLP,NLP,19,05/23/2022 12:00:00 AM
2022-05-24T05-46-03,80112,Walmart Pharmacy #3313,NLP,NLP,NLP,15,05/23/2022 12:00:00 AM
2022-05-24T05-46-03,80112,WALGREENS STORE #10704,NLP,NLP,NLP,28,05/23/2022 12:00:00 AM
2022-05-24T05-46-03,80112,CVS Store #16033,NLP,NLP,NLP,13,05/23/2022 12:00:00 AM
2022-05-24T05-46-03,80112,WALGREENS STORE #03091,NLP,NLP,NLP,19,05/23/2022 12:00:00 AM
2022-05-24T05-46-03,80112,Walmart Pharmacy #3313,NLP,NLP,NLP,15,05/23/2022 12:00:00 AM
2022-05-24T05-46-03,80112,WALGREENS STORE #10704,NLP,NLP,NLP,28,05/23/2022 12:00:00 AM
2022-05-24T05-46-03,80112,CVS Store #16033,NLP,NLP,NLP,13,05/23/2022 12:00:00 AM
2022-05-24T05-46-03,80112,WALGREENS STORE #03091,NLP,NLP,NLP,19,05/23/2022 12:00:00 AM
2022-05-24T05-46-03,80112,Walmart Pharmacy #3313,NLP,NLP,NLP,15,05/23/2022 12:00:00 AM
2022-05-24T05-46-03,80112,WALGREENS STORE #10704,NLP,NLP,NLP,28,05/23/2022 12:00:00 AM
2022-05-24T05-46-03,80112,CVS Store #16033,NLP,NLP,NLP,13,05/23/2022 12:00:00 AM
2022-05-24T05-46-03,80112,WALGREENS STORE #03091,NLP,NLP,NLP,19,05/23/2022 12:00:00 AM
2022-05-24T05-46-03,80112,Walmart Pharmacy #3313,NLP,NLP,NLP,15,05/23/2022 12:00:00 AM
2022-05-24T05-46-03,80112,WALGREENS STORE #10704,NLP,NLP,NLP,28,05/23/2022 12:00:00 AM
2022-05-24T05-46-03,80112,CVS Store #16033,NLP,NLP,NLP,13,05/23/2022 12:00:00 AM
2022-05-24T05-46-03,80112,WALGREENS STORE #03091,NLP,NLP,NLP,19,05/23/2022 12:00:00 AM
2022-05-24T05-46-03,80112,Walmart Pharmacy #3313,NLP,NLP,NLP,15,05/23/2022 12:00:00 AM
2022-05-24T05-46-03,80112,WALGREENS STORE #10704,NLP,NLP,NLP,28,05/23/2022 12:00:00 AM
2022-05-24T05-46-03,80112,CVS Store #16033,NLP,NLP,NLP,13,05/23/2022 12:00:00 AM
2022-05-24T05-46-03,80112,WALGREENS STORE #03091,NLP,NLP,NLP,19,05/23/2022 12:00:00 AM
2022-05-24T05-46-03,80112,Walmart Pharmacy #3313,NLP,NLP,NLP,15,05/23/2022 12:00:00 AM
2022-05-24T05-46-03,80112,WALGREENS STORE #10704,NLP,NLP,NLP,28,05/23/2022 12:00:00 AM
2022-05-24T05-46-03,80112,CVS Store #16033,NLP,NLP,NLP,13,05/23/2022 12:00:00 AM
2022-05-24T05-46-03,80112,WALGREENS STORE #03091,NLP,NLP,NLP,19,05/23/2022 12:00:00 AM
2022-05-24T05-46-03,80112,Walmart Pharmacy #3313,NLP,NLP,NLP,15,05/23/2022 12:00:00 AM
2022-05-24T05-46-03,80112,WALGREENS STORE #10704,NLP,NLP,NLP,28,05/23/2022 12:00:00 AM
2022-05-24T05-46-03,80112,CVS Store #16033,NLP,NLP,NLP,13,05/23/2022 12:00:00 AM
2022-05-24T05-46-03,80112,WALGREENS STORE #03091,NLP,NLP,NLP,19,05/23/2022 12:00:00 AM
2022-05-24T05-46-03,80112,Walmart Pharmacy #3313,NLP,NLP,NLP,15,05/23/2022 12:00:00 AM
2022-05-24T05-46-03,80112,WALGREENS STORE #10704,NLP,NLP,NLP,28,05/23/2022 12:00:00 AM
2022-05-24T05-46-03,80112,CVS Store #16033,NLP,NLP,NLP,13,05/23/2022 12:00:00 AM
2022-05-24T05-46-03,80112,WALGREENS STORE #03091,NLP,NLP,NLP,19,05/23/2022 12:00:00 AM
2022-05-25T05-39-27,80112,Walmart Pharmacy #3313,NLP,NLP,NLP,15,05/24/2022 12:00:00 AM
2022-05-25T05-39-27,80112,WALGREENS STORE #10704,NLP,NLP,NLP,28,05/24/2022 12:00:00 AM
2022-05-25T05-39-27,80112,CVS Store #16033,NLP,NLP,NLP,12,05/24/2022 12:00:00 AM
2022-05-25T05-39-27,80112,WALGREENS STORE #03091,NLP,NLP,NLP,19,05/24/2022 12:00:00 AM
2022-05-25T05-39-27,80112,Walmart Pharmacy #3313,NLP,NLP,NLP,15,05/24/2022 12:00:00 AM
2022-05-25T05-39-27,80112,WALGREENS STORE #10704,NLP,NLP,NLP,28,05/24/2022 12:00:00 AM
2022-05-25T05-39-27,80112,CVS Store #16033,NLP,NLP,NLP,12,05/24/2022 12:00:00 AM
2022-05-25T05-39-27,80112,WALGREENS STORE #03091,NLP,NLP,NLP,19,05/24/2022 12:00:00 AM
2022-05-25T05-39-27,80112,Walmart Pharmacy #3313,NLP,NLP,NLP,15,05/24/2022 12:00:00 AM
2022-05-25T05-39-27,80112,WALGREENS STORE #10704,NLP,NLP,NLP,28,05/24/2022 12:00:00 AM
2022-05-25T05-39-27,80112,CVS Store #16033,NLP,NLP,NLP,12,05/24/2022 12:00:00 AM
2022-05-25T05-39-27,80112,WALGREENS STORE #03091,NLP,NLP,NLP,19,05/24/2022 12:00:00 AM
2022-05-25T05-39-27,80112,Walmart Pharmacy #3313,NLP,NLP,NLP,15,05/24/2022 12:00:00 AM
2022-05-25T05-39-27,80112,WALGREENS STORE #10704,NLP,NLP,NLP,28,05/24/2022 12:00:00 AM
2022-05-25T05-39-27,80112,CVS Store #16033,NLP,NLP,NLP,12,05/24/2022 12:00:00 AM
2022-05-25T05-39-27,80112,WALGREENS STORE #03091,NLP,NLP,NLP,19,05/24/2022 12:00:00 AM
2022-05-25T05-39-27,80112,Walmart Pharmacy #3313,NLP,NLP,NLP,15,05/24/2022 12:00:00 AM
2022-05-25T05-39-27,80112,WALGREENS STORE #10704,NLP,NLP,NLP,28,05/24/2022 12:00:00 AM
2022-05-25T05-39-27,80112,CVS Store #16033,NLP,NLP,NLP,12,05/24/2022 12:00:00 AM
2022-05-25T05-39-27,80112,WALGREENS STORE #03091,NLP,NLP,NLP,19,05/24/2022 12:00:00 AM
2022-05-25T05-39-27,80112,Walmart Pharmacy #3313,NLP,NLP,NLP,15,05/24/2022 12:00:00 AM
2022-05-25T05-39-27,80112,WALGREENS STORE #10704,NLP,NLP,NLP,28,05/24/2022 12:00:00 AM
2022-05-25T05-39-27,80112,CVS Store #16033,NLP,NLP,NLP,12,05/24/2022 12:00:00 AM
2022-05-25T05-39-27,80112,WALGREENS STORE #03091,NLP,NLP,NLP,19,05/24/2022 12:00:00 AM
2022-05-25T05-39-27,80112,Walmart Pharmacy #3313,NLP,NLP,NLP,15,05/24/2022 12:00:00 AM
2022-05-25T05-39-27,80112,WALGREENS STORE #10704,NLP,NLP,NLP,28,05/24/2022 12:00:00 AM
2022-05-25T05-39-27,80112,CVS Store #16033,NLP,NLP,NLP,12,05/24/2022 12:00:00 AM
2022-05-25T05-39-27,80112,WALGREENS STORE #03091,NLP,NLP,NLP,19,05/24/2022 12:00:00 AM
2022-05-25T05-39-27,80112,Walmart Pharmacy #3313,NLP,NLP,NLP,15,05/24/2022 12:00:00 AM
2022-05-25T05-39-27,80112,WALGREENS STORE #10704,NLP,NLP,NLP,28,05/24/2022 12:00:00 AM
2022-05-25T05-39-27,80112,CVS Store #16033,NLP,NLP,NLP,12,05/24/2022 12:00:00 AM
2022-05-25T05-39-27,80112,WALGREENS STORE #03091,NLP,NLP,NLP,19,05/24/2022 12:00:00 AM
2022-05-25T05-39-27,80112,Walmart Pharmacy #3313,NLP,NLP,NLP,15,05/24/2022 12:00:00 AM
2022-05-25T05-39-27,80112,WALGREENS STORE #10704,NLP,NLP,NLP,28,05/24/2022 12:00:00 AM
2022-05-25T05-39-27,80112,CVS Store #16033,NLP,NLP,NLP,12,05/24/2022 12:00:00 AM
2022-05-25T05-39-27,80112,WALGREENS STORE #03091,NLP,NLP,NLP,19,05/24/2022 12:00:00 AM
2022-05-25T05-39-27,80112,Walmart Pharmacy #3313,NLP,NLP,NLP,15,05/24/2022 12:00:00 AM
2022-05-25T05-39-27,80112,WALGREENS STORE #10704,NLP,NLP,NLP,28,05/24/2022 12:00:00 AM
2022-05-25T05-39-27,80112,CVS Store #16033,NLP,NLP,NLP,12,05/24/2022 12:00:00 AM
2022-05-25T05-39-27,80112,WALGREENS STORE #03091,NLP,NLP,NLP,19,05/24/2022 12:00:00 AM
2022-05-25T05-39-27,80112,Walmart Pharmacy #3313,NLP,NLP,NLP,15,05/24/2022 12:00:00 AM
2022-05-25T05-39-27,80112,WALGREENS STORE #10704,NLP,NLP,NLP,28,05/24/2022 12:00:00 AM
2022-05-25T05-39-27,80112,CVS Store #16033,NLP,NLP,NLP,12,05/24/2022 12:00:00 AM
2022-05-25T05-39-27,80112,WALGREENS STORE #03091,NLP,NLP,NLP,19,05/24/2022 12:00:00 AM
2022-05-25T05-39-27,80112,Walmart Pharmacy #3313,NLP,NLP,NLP,15,05/24/2022 12:00:00 AM
2022-05-25T05-39-27,80112,WALGREENS STORE #10704,NLP,NLP,NLP,28,05/24/2022 12:00:00 AM
2022-05-25T05-39-27,80112,CVS Store #16033,NLP,NLP,NLP,12,05/24/2022 12:00:00 AM
2022-05-25T05-39-27,80112,WALGREENS STORE #03091,NLP,NLP,NLP,19,05/24/2022 12:00:00 AM
2022-05-25T05-39-27,80112,Walmart Pharmacy #3313,NLP,NLP,NLP,15,05/24/2022 12:00:00 AM
2022-05-25T05-39-27,80112,WALGREENS STORE #10704,NLP,NLP,NLP,28,05/24/2022 12:00:00 AM
2022-05-25T05-39-27,80112,CVS Store #16033,NLP,NLP,NLP,12,05/24/2022 12:00:00 AM
2022-05-25T05-39-27,80112,WALGREENS STORE #03091,NLP,NLP,NLP,19,05/24/2022 12:00:00 AM
2022-05-25T05-39-27,80112,Walmart Pharmacy #3313,NLP,NLP,NLP,15,05/24/2022 12:00:00 AM
2022-05-25T05-39-27,80112,WALGREENS STORE #10704,NLP,NLP,NLP,28,05/24/2022 12:00:00 AM
2022-05-25T05-39-27,80112,CVS Store #16033,NLP,NLP,NLP,12,05/24/2022 12:00:00 AM
2022-05-25T05-39-27,80112,WALGREENS STORE #03091,NLP,NLP,NLP,19,05/24/2022 12:00:00 AM
2022-05-25T05-39-27,80112,Walmart Pharmacy #3313,NLP,NLP,NLP,15,05/24/2022 12:00:00 AM
2022-05-25T05-39-27,80112,WALGREENS STORE #10704,NLP,NLP,NLP,28,05/24/2022 12:00:00 AM
2022-05-25T05-39-27,80112,CVS Store #16033,NLP,NLP,NLP,12,05/24/2022 12:00:00 AM
2022-05-25T05-39-27,80112,WALGREENS STORE #03091,NLP,NLP,NLP,19,05/24/2022 12:00:00 AM
2022-05-25T05-39-27,80112,Walmart Pharmacy #3313,NLP,NLP,NLP,15,05/24/2022 12:00:00 AM
2022-05-25T05-39-27,80112,WALGREENS STORE #10704,NLP,NLP,NLP,28,05/24/2022 12:00:00 AM
2022-05-25T05-39-27,80112,CVS Store #16033,NLP,NLP,NLP,12,05/24/2022 12:00:00 AM
2022-05-25T05-39-27,80112,WALGREENS STORE #03091,NLP,NLP,NLP,19,05/24/2022 12:00:00 AM
2022-05-25T05-39-27,80112,Walmart Pharmacy #3313,NLP,NLP,NLP,15,05/24/2022 12:00:00 AM
2022-05-25T05-39-27,80112,WALGREENS STORE #10704,NLP,NLP,NLP,28,05/24/2022 12:00:00 AM
2022-05-25T05-39-27,80112,CVS Store #16033,NLP,NLP,NLP,12,05/24/2022 12:00:00 AM
2022-05-25T05-39-27,80112,WALGREENS STORE #03091,NLP,NLP,NLP,19,05/24/2022 12:00:00 AM
2022-05-25T05-39-27,80112,Walmart Pharmacy #3313,NLP,NLP,NLP,15,05/24/2022 12:00:00 AM
2022-05-25T05-39-27,80112,WALGREENS STORE #10704,NLP,NLP,NLP,28,05/24/2022 12:00:00 AM
2022-05-25T05-39-27,80112,CVS Store #16033,NLP,NLP,NLP,12,05/24/2022 12:00:00 AM
2022-05-25T05-39-27,80112,WALGREENS STORE #03091,NLP,NLP,NLP,19,05/24/2022 12:00:00 AM
2022-05-25T05-39-27,80112,Walmart Pharmacy #3313,NLP,NLP,NLP,15,05/24/2022 12:00:00 AM
2022-05-25T05-39-27,80112,WALGREENS STORE #10704,NLP,NLP,NLP,28,05/24/2022 12:00:00 AM
2022-05-25T05-39-27,80112,CVS Store #16033,NLP,NLP,NLP,12,05/24/2022 12:00:00 AM
2022-05-25T05-39-27,80112,WALGREENS STORE #03091,NLP,NLP,NLP,19,05/24/2022 12:00:00 AM
2022-05-25T05-39-27,80112,Walmart Pharmacy #3313,NLP,NLP,NLP,15,05/24/2022 12:00:00 AM
2022-05-25T05-39-27,80112,WALGREENS STORE #10704,NLP,NLP,NLP,28,05/24/2022 12:00:00 AM
2022-05-25T05-39-27,80112,CVS Store #16033,NLP,NLP,NLP,12,05/24/2022 12:00:00 AM
2022-05-25T05-39-27,80112,WALGREENS STORE #03091,NLP,NLP,NLP,19,05/24/2022 12:00:00 AM
2022-05-25T05-39-27,80112,Walmart Pharmacy #3313,NLP,NLP,NLP,15,05/24/2022 12:00:00 AM
2022-05-25T05-39-27,80112,WALGREENS STORE #10704,NLP,NLP,NLP,28,05/24/2022 12:00:00 AM
2022-05-25T05-39-27,80112,CVS Store #16033,NLP,NLP,NLP,12,05/24/2022 12:00:00 AM
2022-05-25T05-39-27,80112,WALGREENS STORE #03091,NLP,NLP,NLP,19,05/24/2022 12:00:00 AM
2022-05-25T05-39-27,80112,Walmart Pharmacy #3313,NLP,NLP,NLP,15,05/24/2022 12:00:00 AM
2022-05-25T05-39-27,80112,WALGREENS STORE #10704,NLP,NLP,NLP,28,05/24/2022 12:00:00 AM
2022-05-25T05-39-27,80112,CVS Store #16033,NLP,NLP,NLP,12,05/24/2022 12:00:00 AM
2022-05-25T05-39-27,80112,WALGREENS STORE #03091,NLP,NLP,NLP,19,05/24/2022 12:00:00 AM
2022-05-25T05-39-27,80112,Walmart Pharmacy #3313,NLP,NLP,NLP,15,05/24/2022 12:00:00 AM
2022-05-25T05-39-27,80112,WALGREENS STORE #10704,NLP,NLP,NLP,28,05/24/2022 12:00:00 AM
2022-05-25T05-39-27,80112,CVS Store #16033,NLP,NLP,NLP,12,05/24/2022 12:00:00 AM
2022-05-25T05-39-27,80112,WALGREENS STORE #03091,NLP,NLP,NLP,19,05/24/2022 12:00:00 AM
2022-05-25T05-39-27,80112,Walmart Pharmacy #3313,NLP,NLP,NLP,15,05/24/2022 12:00:00 AM
2022-05-25T05-39-27,80112,WALGREENS STORE #10704,NLP,NLP,NLP,28,05/24/2022 12:00:00 AM
2022-05-25T05-39-27,80112,CVS Store #16033,NLP,NLP,NLP,12,05/24/2022 12:00:00 AM
2022-05-25T05-39-27,80112,WALGREENS STORE #03091,NLP,NLP,NLP,19,05/24/2022 12:00:00 AM
2022-05-25T05-39-27,80112,Walmart Pharmacy #3313,NLP,NLP,NLP,15,05/24/2022 12:00:00 AM
2022-05-25T05-39-27,80112,WALGREENS STORE #10704,NLP,NLP,NLP,28,05/24/2022 12:00:00 AM
2022-05-25T05-39-27,80112,CVS Store #16033,NLP,NLP,NLP,12,05/24/2022 12:00:00 AM
2022-05-25T05-39-27,80112,WALGREENS STORE #03091,NLP,NLP,NLP,19,05/24/2022 12:00:00 AM
2022-05-26T07-59-29,80112,Walmart Pharmacy #3313,NLP,NLP,NLP,13,05/25/2022 12:00:00 AM
2022-05-26T07-59-29,80112,WALGREENS STORE #10704,NLP,NLP,NLP,26,05/25/2022 12:00:00 AM
2022-05-26T07-59-29,80112,WALGREENS STORE #03091,NLP,NLP,NLP,19,05/25/2022 12:00:00 AM
2022-05-26T07-59-29,80112,CVS Store #16033,NLP,NLP,NLP,12,05/24/2022 12:00:00 AM
2022-05-26T07-59-29,80112,Walmart Pharmacy #3313,NLP,NLP,NLP,13,05/25/2022 12:00:00 AM
2022-05-26T07-59-29,80112,WALGREENS STORE #10704,NLP,NLP,NLP,26,05/25/2022 12:00:00 AM
2022-05-26T07-59-29,80112,WALGREENS STORE #03091,NLP,NLP,NLP,19,05/25/2022 12:00:00 AM
2022-05-26T07-59-29,80112,CVS Store #16033,NLP,NLP,NLP,12,05/24/2022 12:00:00 AM
2022-05-26T07-59-29,80112,Walmart Pharmacy #3313,NLP,NLP,NLP,13,05/25/2022 12:00:00 AM
2022-05-26T07-59-29,80112,WALGREENS STORE #10704,NLP,NLP,NLP,26,05/25/2022 12:00:00 AM
2022-05-26T07-59-29,80112,WALGREENS STORE #03091,NLP,NLP,NLP,19,05/25/2022 12:00:00 AM
2022-05-26T07-59-29,80112,CVS Store #16033,NLP,NLP,NLP,12,05/24/2022 12:00:00 AM
2022-05-27T05-48-57,80112,WALGREENS STORE #10704,NLP,NLP,NLP,19,05/26/2022 12:00:00 AM
2022-05-27T05-48-57,80112,Walmart Pharmacy #3313,NLP,NLP,NLP,13,05/26/2022 12:00:00 AM
2022-05-27T05-48-57,80112,WALGREENS STORE #03091,NLP,NLP,NLP,13,05/26/2022 12:00:00 AM
2022-05-27T05-48-57,80112,CVS Store #16033,NLP,NLP,NLP,10,05/26/2022 12:00:00 AM
2022-05-28T05-34-18,80112,Walmart Pharmacy #3313,NLP,NLP,NLP,13,05/26/2022 12:00:00 AM
2022-05-28T05-34-18,80112,WALGREENS STORE #10704,NLP,NLP,NLP,19,05/26/2022 12:00:00 AM
2022-05-28T05-34-18,80112,WALGREENS STORE #03091,NLP,NLP,NLP,13,05/26/2022 12:00:00 AM
2022-05-28T05-34-18,80112,CVS Store #16033,NLP,NLP,NLP,9,05/27/2022 12:00:00 AM
2022-05-29T05-31-58,80112,Walmart Pharmacy #3313,NLP,NLP,NLP,13,05/26/2022 12:00:00 AM
2022-05-29T05-31-58,80112,WALGREENS STORE #10704,NLP,NLP,NLP,19,05/26/2022 12:00:00 AM
2022-05-29T05-31-58,80112,CVS Store #16033,NLP,NLP,NLP,9,05/27/2022 12:00:00 AM
2022-05-29T05-31-58,80112,WALGREENS STORE #03091,NLP,NLP,NLP,13,05/26/2022 12:00:00 AM
2022-05-30T05-32-42,80112,WALGREENS STORE #10704,NLP,NLP,NLP,19,05/26/2022 12:00:00 AM
2022-05-30T05-32-42,80112,Walmart Pharmacy #3313,NLP,NLP,NLP,13,05/26/2022 12:00:00 AM
2022-05-30T05-32-42,80112,CVS Store #16033,NLP,NLP,NLP,9,05/27/2022 12:00:00 AM
2022-05-30T05-32-42,80112,WALGREENS STORE #03091,NLP,NLP,NLP,13,05/26/2022 12:00:00 AM
2022-05-31T08-56-01,80112,Walmart Pharmacy #3313,NLP,NLP,NLP,13,05/26/2022 12:00:00 AM
2022-05-31T08-56-01,80112,WALGREENS STORE #10704,NLP,NLP,NLP,19,05/26/2022 12:00:00 AM
2022-05-31T08-56-01,80112,CVS Store #16033,NLP,NLP,NLP,9,05/27/2022 12:00:00 AM
2022-05-31T08-56-01,80112,WALGREENS STORE #03091,NLP,NLP,NLP,13,05/26/2022 12:00:00 AM
2022-06-01T05-37-50,80112,Walmart Pharmacy #3313,NLP,NLP,NLP,13,05/26/2022 12:00:00 AM
2022-06-01T05-37-50,80112,WALGREENS STORE #03091,NLP,NLP,NLP,13,05/26/2022 12:00:00 AM
2022-06-01T05-37-50,80112,WALGREENS STORE #10704,NLP,NLP,NLP,19,05/26/2022 12:00:00 AM
2022-06-01T05-37-50,80112,CVS Store #16033,NLP,NLP,NLP,25,05/31/2022 12:00:00 AM
2022-06-02T07-54-10,80112,CVS Store #16033,NLP,NLP,NLP,25,05/31/2022 12:00:00 AM
2022-06-02T07-54-10,80112,Walmart Pharmacy #3313,NLP,NLP,NLP,13,05/26/2022 12:00:00 AM
2022-06-02T07-54-10,80112,WALGREENS STORE #10704,NLP,NLP,NLP,8,06/01/2022 12:00:00 AM
2022-06-02T07-54-10,80112,WALGREENS STORE #03091,NLP,NLP,NLP,27,06/01/2022 12:00:00 AM
2022-06-03T08-50-11,80112,CVS Store #16033,NLP,NLP,NLP,25,05/31/2022 12:00:00 AM
2022-06-03T08-50-11,80112,Walmart Pharmacy #3313,NLP,NLP,NLP,13,05/26/2022 12:00:00 AM
2022-06-03T08-50-11,80112,WALGREENS STORE #10704,NLP,NLP,NLP,8,06/01/2022 12:00:00 AM
2022-06-03T08-50-11,80112,WALGREENS STORE #03091,NLP,NLP,NLP,27,06/01/2022 12:00:00 AM
2022-06-04T19-11-08,80112,CVS Store #16033,NLP,NLP,NLP,22,06/03/2022 12:00:00 AM
2022-06-04T19-11-08,80112,WALGREENS STORE #10704,NLP,NLP,NLP,4,06/03/2022 12:00:00 AM
2022-06-04T19-11-08,80112,WALGREENS STORE #03091,NLP,NLP,NLP,21,06/03/2022 12:00:00 AM
2022-06-04T19-11-08,80112,SAFEWAY PHARMACY,NLP,NLP,NLP,16,06/03/2022 12:00:00 AM
2022-06-04T19-11-08,80112,Walmart Pharmacy #3313,NLP,NLP,NLP,30,06/02/2022 12:00:00 AM
2022-06-05T08-48-25,80112,CVS Store #16033,NLP,NLP,NLP,22,06/03/2022 12:00:00 AM
2022-06-05T08-48-25,80112,WALGREENS STORE #10704,NLP,NLP,NLP,4,06/03/2022 12:00:00 AM
2022-06-05T08-48-25,80112,WALGREENS STORE #03091,NLP,NLP,NLP,21,06/03/2022 12:00:00 AM
2022-06-05T08-48-25,80112,Walmart Pharmacy #3313,NLP,NLP,NLP,30,06/02/2022 12:00:00 AM
2022-06-05T08-48-25,80112,SAFEWAY PHARMACY,NLP,NLP,NLP,15,06/04/2022 12:00:00 AM
2022-06-06T06-32-51,80112,CVS Store #16033,NLP,NLP,NLP,22,06/03/2022 12:00:00 AM
2022-06-06T06-32-51,80112,WALGREENS STORE #10704,NLP,NLP,NLP,4,06/03/2022 12:00:00 AM
2022-06-06T06-32-51,80112,WALGREENS STORE #03091,NLP,NLP,NLP,21,06/03/2022 12:00:00 AM
2022-06-06T06-32-51,80112,SAFEWAY PHARMACY,NLP,NLP,NLP,15,06/05/2022 12:00:00 AM
2022-06-06T06-32-51,80112,Walmart Pharmacy #3313,NLP,NLP,NLP,30,06/02/2022 12:00:00 AM
2022-06-07T05-36-41,80112,Walmart Pharmacy #3313,NLP,NLP,NLP,29,06/06/2022 12:00:00 AM
2022-06-07T05-36-41,80112,SAFEWAY PHARMACY,NLP,NLP,NLP,15,06/06/2022 12:00:00 AM
2022-06-07T05-36-41,80112,WALGREENS STORE #03091,NLP,NLP,NLP,15,06/06/2022 12:00:00 AM
2022-06-07T05-36-41,80112,CVS Store #16033,NLP,NLP,NLP,21,06/06/2022 12:00:00 AM
2022-06-07T05-36-41,80112,WALGREENS STORE #10704,NLP,NLP,NLP,38,06/06/2022 12:00:00 AM
2022-06-08T05-42-02,80112,SAFEWAY PHARMACY,NLP,NLP,NLP,12,06/07/2022 12:00:00 AM
2022-06-08T05-42-02,80112,Walmart Pharmacy #3313,NLP,NLP,NLP,29,06/07/2022 12:00:00 AM
2022-06-08T05-42-02,80112,WALGREENS STORE #03091,NLP,NLP,NLP,14,06/07/2022 12:00:00 AM
2022-06-08T05-42-02,80112,WALGREENS STORE #10704,NLP,NLP,NLP,38,06/07/2022 12:00:00 AM
2022-06-08T05-42-02,80112,CVS Store #16033,NLP,NLP,NLP,19,06/07/2022 12:00:00 AM
2022-06-09T04-15-20,80112,WALGREENS STORE #03091,NLP,NLP,NLP,14,06/07/2022 12:00:00 AM
2022-06-09T04-15-20,80112,CVS Store #16033,NLP,NLP,NLP,17,06/08/2022 12:00:00 AM
2022-06-09T04-15-20,80112,WALGREENS STORE #10704,NLP,NLP,NLP,38,06/07/2022 12:00:00 AM
2022-06-09T04-15-20,80112,SAFEWAY PHARMACY,NLP,NLP,NLP,12,06/08/2022 12:00:00 AM
2022-06-09T04-15-20,80112,Walmart Pharmacy #3313,NLP,NLP,NLP,29,06/07/2022 12:00:00 AM
2022-06-10T04-15-36,80112,WALGREENS STORE #03091,NLP,NLP,NLP,11,06/09/2022 12:00:00 AM
2022-06-10T04-15-36,80112,SAFEWAY PHARMACY,NLP,NLP,NLP,11,06/09/2022 12:00:00 AM
2022-06-10T04-15-36,80112,Walmart Pharmacy #3313,NLP,NLP,NLP,29,06/07/2022 12:00:00 AM
2022-06-10T04-15-36,80112,WALGREENS STORE #10704,NLP,NLP,NLP,31,06/09/2022 12:00:00 AM
2022-06-10T04-15-36,80112,CVS Store #16033,NLP,NLP,NLP,17,06/09/2022 12:00:00 AM
2022-06-11T04-15-14,80112,Walmart Pharmacy #3313,NLP,NLP,NLP,21,06/10/2022 12:00:00 AM
2022-06-11T04-15-14,80112,WALGREENS STORE #03091,NLP,NLP,NLP,26,06/10/2022 12:00:00 AM
2022-06-11T04-15-14,80112,WALGREENS STORE #10704,NLP,NLP,NLP,26,06/10/2022 12:00:00 AM
2022-06-11T04-15-14,80112,SAFEWAY PHARMACY,NLP,NLP,NLP,9,06/10/2022 12:00:00 AM
2022-06-11T04-15-14,80112,CVS Store #16033,NLP,NLP,NLP,17,06/10/2022 12:00:00 AM
2022-06-12T04-15-15,80112,WALGREENS STORE #10704,NLP,NLP,NLP,26,06/10/2022 12:00:00 AM
2022-06-12T04-15-15,80112,WALGREENS STORE #03091,NLP,NLP,NLP,26,06/10/2022 12:00:00 AM
2022-06-12T04-15-15,80112,Walmart Pharmacy #3313,NLP,NLP,NLP,21,06/10/2022 12:00:00 AM
2022-06-12T04-15-15,80112,SAFEWAY PHARMACY,NLP,NLP,NLP,9,06/10/2022 12:00:00 AM
2022-06-12T04-15-15,80112,CVS Store #16033,NLP,NLP,NLP,17,06/10/2022 12:00:00 AM
2022-06-13T04-15-40,80112,Walmart Pharmacy #3313,NLP,NLP,NLP,21,06/10/2022 12:00:00 AM
2022-06-13T04-15-40,80112,WALGREENS STORE #03091,NLP,NLP,NLP,26,06/10/2022 12:00:00 AM
2022-06-13T04-15-40,80112,SAFEWAY PHARMACY,NLP,NLP,NLP,7,06/12/2022 12:00:00 AM
2022-06-13T04-15-40,80112,WALGREENS STORE #10704,NLP,NLP,NLP,26,06/10/2022 12:00:00 AM
2022-06-13T04-15-40,80112,CVS Store #16033,NLP,NLP,NLP,17,06/10/2022 12:00:00 AM
2022-06-14T04-15-16,80112,WALGREENS STORE #03091,NLP,NLP,NLP,83,06/13/2022 12:00:00 AM
2022-06-14T04-15-16,80112,Walmart Pharmacy #3313,NLP,NLP,NLP,21,06/13/2022 12:00:00 AM
2022-06-14T04-15-16,80112,WALGREENS STORE #10704,NLP,NLP,NLP,23,06/13/2022 12:00:00 AM
2022-06-14T04-15-16,80112,SAFEWAY PHARMACY,NLP,NLP,NLP,7,06/14/2022 12:00:00 AM
2022-06-14T04-15-16,80112,CVS Store #16033,NLP,NLP,NLP,14,06/13/2022 12:00:00 AM
2022-06-15T04-15-27,80112,CVS Store #16033,NLP,NLP,NLP,14,06/14/2022 12:00:00 AM
2022-06-15T04-15-27,80112,WALGREENS STORE #10704,NLP,NLP,NLP,23,06/13/2022 12:00:00 AM
2022-06-15T04-15-27,80112,Walmart Pharmacy #3313,NLP,NLP,NLP,20,06/14/2022 12:00:00 AM
2022-06-15T04-15-27,80112,SAFEWAY PHARMACY,NLP,NLP,NLP,5,06/14/2022 12:00:00 AM
2022-06-15T04-15-27,80112,WALGREENS STORE #03091,NLP,NLP,NLP,83,06/13/2022 12:00:00 AM
2022-06-16T04-15-45,80112,Walmart Pharmacy #3313,NLP,NLP,NLP,20,06/14/2022 12:00:00 AM
2022-06-16T04-15-45,80112,SAFEWAY PHARMACY,NLP,NLP,NLP,4,06/15/2022 12:00:00 AM
2022-06-16T04-15-45,80112,WALGREENS STORE #03091,NLP,NLP,NLP,83,06/13/2022 12:00:00 AM
2022-06-16T04-15-45,80112,CVS Store #16033,NLP,NLP,NLP,14,06/14/2022 12:00:00 AM
2022-06-16T04-15-45,80112,WALGREENS STORE #10704,NLP,NLP,NLP,23,06/13/2022 12:00:00 AM
2022-06-17T04-15-27,80112,SAFEWAY PHARMACY,NLP,NLP,NLP,4,06/16/2022 12:00:00 AM
2022-06-17T04-15-27,80112,CVS Store #16033,NLP,NLP,NLP,29,06/16/2022 12:00:00 AM
2022-06-17T04-15-27,80112,Walmart Pharmacy #3313,NLP,NLP,NLP,16,06/16/2022 12:00:00 AM
2022-06-18T04-15-18,80112,CVS Store #16033,NLP,NLP,NLP,25,06/17/2022 12:00:00 AM
2022-06-18T04-15-18,80112,SAFEWAY PHARMACY,NLP,NLP,NLP,4,06/17/2022 12:00:00 AM
2022-06-18T04-15-18,80112,Walmart Pharmacy #3313,NLP,NLP,NLP,14,06/17/2022 12:00:00 AM
2022-06-19T04-15-29,80112,CVS Store #16033,NLP,NLP,NLP,25,06/17/2022 12:00:00 AM
2022-06-19T04-15-29,80112,Walmart Pharmacy #3313,NLP,NLP,NLP,14,06/17/2022 12:00:00 AM
2022-06-19T04-15-29,80112,SAFEWAY PHARMACY,NLP,NLP,NLP,4,06/17/2022 12:00:00 AM
2022-06-20T04-15-58,80112,CVS Store #16033,NLP,NLP,NLP,25,06/17/2022 12:00:00 AM
2022-06-20T04-15-58,80112,Walmart Pharmacy #3313,NLP,NLP,NLP,14,06/17/2022 12:00:00 AM
2022-06-20T04-15-58,80112,SAFEWAY PHARMACY,NLP,NLP,NLP,4,06/17/2022 12:00:00 AM
2022-06-21T04-15-35,80112,Walmart Pharmacy #3313,NLP,NLP,NLP,14,06/17/2022 12:00:00 AM
2022-06-21T04-15-35,80112,SAFEWAY PHARMACY,NLP,NLP,NLP,4,06/17/2022 12:00:00 AM
2022-06-21T04-15-35,80112,WALGREENS STORE #03091,NLP,NLP,NLP,57,06/20/2022 12:00:00 AM
2022-06-21T04-15-35,80112,CVS Store #16033,NLP,NLP,NLP,20,06/20/2022 12:00:00 AM
2022-06-21T04-15-35,80112,WALGREENS STORE #10704,NLP,NLP,NLP,155,06/20/2022 12:00:00 AM
2022-06-22T04-15-20,80112,WALGREENS STORE #03091,NLP,NLP,NLP,57,06/20/2022 12:00:00 AM
2022-06-22T04-15-20,80112,SAFEWAY PHARMACY,NLP,NLP,NLP,1,06/21/2022 12:00:00 AM
2022-06-22T04-15-20,80112,Walmart Pharmacy #3313,NLP,NLP,NLP,12,06/21/2022 12:00:00 AM
2022-06-22T04-15-20,80112,WALGREENS STORE #10704,NLP,NLP,NLP,155,06/20/2022 12:00:00 AM
2022-06-22T04-15-20,80112,CVS Store #16033,NLP,NLP,NLP,20,06/20/2022 12:00:00 AM
2022-06-22T04-15-20,80112,South Denver Rheumatology,NLP,NLP,NLP,40,06/22/2022 12:00:00 AM
2022-06-23T04-15-16,80112,WALGREENS STORE #03091,NLP,NLP,NLP,57,06/20/2022 12:00:00 AM
2022-06-23T04-15-16,80112,South Denver Rheumatology,NLP,NLP,NLP,40,06/23/2022 12:00:00 AM
2022-06-23T04-15-16,80112,CVS Store #16033,NLP,NLP,NLP,35,06/22/2022 12:00:00 AM
2022-06-23T04-15-16,80112,WALGREENS STORE #10704,NLP,NLP,NLP,155,06/20/2022 12:00:00 AM
2022-06-23T04-15-16,80112,SAFEWAY PHARMACY,NLP,NLP,NLP,1,06/22/2022 12:00:00 AM
2022-06-23T04-15-16,80112,Walmart Pharmacy #3313,NLP,NLP,NLP,10,06/22/2022 12:00:00 AM
2022-06-24T04-15-26,80112,Walmart Pharmacy #3313,NLP,NLP,NLP,8,06/23/2022 12:00:00 AM
2022-06-24T04-15-26,80112,SAFEWAY PHARMACY,NLP,NLP,NLP,1,06/23/2022 12:00:00 AM
2022-06-24T04-15-26,80112,WALGREENS STORE #03091,NLP,NLP,NLP,54,06/23/2022 12:00:00 AM
2022-06-24T04-15-26,80112,WALGREENS STORE #10704,NLP,NLP,NLP,150,06/23/2022 12:00:00 AM
2022-06-24T04-15-26,80112,CVS Store #16033,NLP,NLP,NLP,35,06/23/2022 12:00:00 AM
2022-06-24T04-15-26,80112,South Denver Rheumatology,NLP,NLP,NLP,40,06/23/2022 12:00:00 AM
2022-06-25T04-15-18,80112,Walmart Pharmacy #3313,NLP,NLP,NLP,8,06/24/2022 12:00:00 AM
2022-06-25T04-15-18,80112,WALGREENS STORE #03091,NLP,NLP,NLP,54,06/23/2022 12:00:00 AM
2022-06-25T04-15-18,80112,WALGREENS STORE #10704,NLP,NLP,NLP,150,06/23/2022 12:00:00 AM
2022-06-25T04-15-18,80112,CVS Store #16033,NLP,NLP,NLP,34,06/24/2022 12:00:00 AM
2022-06-25T04-15-18,80112,South Denver Rheumatology,NLP,NLP,NLP,39,06/24/2022 12:00:00 AM
2022-06-26T04-15-17,80112,Walmart Pharmacy #3313,NLP,NLP,NLP,8,06/24/2022 12:00:00 AM
2022-06-26T04-15-17,80112,WALGREENS STORE #03091,NLP,NLP,NLP,54,06/23/2022 12:00:00 AM
2022-06-26T04-15-17,80112,CVS Store #16033,NLP,NLP,NLP,34,06/24/2022 12:00:00 AM
2022-06-26T04-15-17,80112,WALGREENS STORE #10704,NLP,NLP,NLP,150,06/23/2022 12:00:00 AM
2022-06-26T04-15-17,80112,South Denver Rheumatology,NLP,NLP,NLP,39,06/24/2022 12:00:00 AM
2022-06-27T04-15-31,80112,Walmart Pharmacy #3313,NLP,NLP,NLP,8,06/24/2022 12:00:00 AM
2022-06-27T04-15-31,80112,WALGREENS STORE #03091,NLP,NLP,NLP,54,06/23/2022 12:00:00 AM
2022-06-27T04-15-31,80112,WALGREENS STORE #10704,NLP,NLP,NLP,150,06/23/2022 12:00:00 AM
2022-06-27T04-15-31,80112,CVS Store #16033,NLP,NLP,NLP,34,06/24/2022 12:00:00 AM
2022-06-27T04-15-31,80112,South Denver Rheumatology,NLP,NLP,NLP,39,06/24/2022 12:00:00 AM
2022-06-28T04-15-44,80112,WALGREENS STORE #03091,NLP,NLP,NLP,168,06/27/2022 12:00:00 AM
2022-06-28T04-15-44,80112,Walmart Pharmacy #3313,NLP,NLP,NLP,5,06/27/2022 12:00:00 AM
2022-06-28T04-15-44,80112,WALGREENS STORE #10704,NLP,NLP,NLP,72,06/27/2022 12:00:00 AM
2022-06-28T04-15-44,80112,CVS Store #16033,NLP,NLP,NLP,28,06/27/2022 12:00:00 AM
2022-06-28T04-15-44,80112,South Denver Rheumatology,NLP,NLP,NLP,37,06/28/2022 12:00:00 AM
2022-06-29T04-15-40,80112,WALGREENS STORE #03091,NLP,NLP,NLP,168,06/27/2022 12:00:00 AM
2022-06-29T04-15-40,80112,Walmart Pharmacy #3313,NLP,NLP,NLP,3,06/28/2022 12:00:00 AM
2022-06-29T04-15-40,80112,CVS Store #16033,NLP,NLP,NLP,46,06/28/2022 12:00:00 AM
2022-06-29T04-15-40,80112,WALGREENS STORE #10704,NLP,NLP,NLP,72,06/27/2022 12:00:00 AM
2022-06-29T04-15-40,80112,South Denver Rheumatology,NLP,NLP,NLP,36,06/28/2022 12:00:00 AM
2022-06-30T04-15-32,80112,WALGREENS STORE #03091,NLP,NLP,NLP,168,06/27/2022 12:00:00 AM
2022-06-30T04-15-32,80112,Walmart Pharmacy #3313,NLP,NLP,NLP,2,06/29/2022 12:00:00 AM
2022-06-30T04-15-32,80112,WALGREENS STORE #10704,NLP,NLP,NLP,72,06/27/2022 12:00:00 AM
2022-06-30T04-15-32,80112,CVS Store #16033,NLP,NLP,NLP,44,06/29/2022 12:00:00 AM
2022-06-30T04-15-32,80112,South Denver Rheumatology,NLP,NLP,NLP,36,06/28/2022 12:00:00 AM
2022-07-01T04-15-22,80112,Walmart Pharmacy #3313,NLP,NLP,NLP,2,06/30/2022 12:00:00 AM
2022-07-01T04-15-22,80112,South Denver Rheumatology,NLP,NLP,NLP,36,06/28/2022 12:00:00 AM
2022-07-01T04-15-22,80112,CVS Store #16033,NLP,NLP,NLP,43,06/30/2022 12:00:00 AM
2022-07-03T14-40-38,80112,CVS Store #16033,NLP,NLP,NLP,41,07/01/2022 12:00:00 AM
2022-07-03T14-40-38,80112,South Denver Rheumatology,NLP,NLP,NLP,36,06/28/2022 12:00:00 AM
2022-07-03T14-40-38,80112,Walmart Pharmacy #3313,NLP,NLP,NLP,2,06/30/2022 12:00:00 AM
2022-07-04T04-15-29,80112,South Denver Rheumatology,NLP,NLP,NLP,36,06/28/2022 12:00:00 AM
2022-07-04T04-15-29,80112,CVS Store #16033,NLP,NLP,NLP,41,07/01/2022 12:00:00 AM
2022-07-04T04-15-29,80112,Walmart Pharmacy #3313,NLP,NLP,NLP,2,06/30/2022 12:00:00 AM
2022-07-05T04-15-18,80112,CVS Store #16033,NLP,NLP,NLP,41,07/01/2022 12:00:00 AM
2022-07-05T04-15-18,80112,South Denver Rheumatology,NLP,NLP,NLP,36,06/28/2022 12:00:00 AM
2022-07-05T04-15-18,80112,Walmart Pharmacy #3313,NLP,NLP,NLP,2,06/30/2022 12:00:00 AM
2022-07-06T04-15-19,80112,South Denver Rheumatology,NLP,NLP,NLP,36,06/28/2022 12:00:00 AM
2022-07-06T04-15-19,80112,CVS Store #16033,NLP,NLP,NLP,37,07/05/2022 12:00:00 AM
2022-07-06T04-15-19,80112,Walmart Pharmacy #3313,NLP,NLP,NLP,2,06/30/2022 12:00:00 AM
2022-07-07T04-15-17,80112,South Denver Rheumatology,NLP,NLP,NLP,29,07/06/2022 12:00:00 AM
2022-07-07T04-15-17,80112,Welldyne,NLP,NLP,NLP,100,07/06/2022 12:00:00 AM
2022-07-07T04-15-17,80112,CVS Store #16033,NLP,NLP,NLP,34,07/06/2022 12:00:00 AM
2022-07-07T04-15-17,80112,Walmart Pharmacy #3313,NLP,NLP,NLP,2,06/30/2022 12:00:00 AM
2022-07-07T13-15-18,80112,South Denver Rheumatology,NLP,NLP,NLP,29,07/06/2022 12:00:00 AM
2022-07-07T13-15-18,80112,Welldyne,NLP,NLP,NLP,100,07/06/2022 12:00:00 AM
2022-07-07T13-15-18,80112,CVS Store #16033,NLP,NLP,NLP,34,07/06/2022 12:00:00 AM
2022-07-07T13-15-18,80112,Walmart Pharmacy #3313,NLP,NLP,NLP,2,06/30/2022 12:00:00 AM
2022-07-08T04-15-19,80112,CVS Store #16033,NLP,NLP,NLP,33,07/07/2022 12:00:00 AM
2022-07-08T04-15-19,80112,South Denver Rheumatology,NLP,NLP,NLP,29,07/06/2022 12:00:00 AM
2022-07-08T04-15-19,80112,Welldyne,NLP,NLP,NLP,100,07/06/2022 12:00:00 AM
2022-07-08T04-15-19,80112,Walmart Pharmacy #3313,NLP,NLP,NLP,2,06/30/2022 12:00:00 AM
2022-07-08T04-15-19,80112,SAFEWAY PHARMACY,NLP,NLP,NLP,38,07/07/2022 12:00:00 AM
2022-07-09T04-15-19,80112,Welldyne,NLP,NLP,NLP,100,07/06/2022 12:00:00 AM
2022-07-09T04-15-19,80112,CVS Store #16033,NLP,NLP,NLP,31,07/08/2022 12:00:00 AM
2022-07-09T04-15-19,80112,South Denver Rheumatology,NLP,NLP,NLP,27,07/08/2022 12:00:00 AM
2022-07-09T04-15-19,80112,Walmart Pharmacy #3313,NLP,NLP,NLP,2,06/30/2022 12:00:00 AM
2022-07-09T04-15-19,80112,SAFEWAY PHARMACY,NLP,NLP,NLP,36,07/08/2022 12:00:00 AM
2022-07-10T04-15-26,80112,South Denver Rheumatology,NLP,NLP,NLP,27,07/08/2022 12:00:00 AM
2022-07-10T04-15-26,80112,CVS Store #16033,NLP,NLP,NLP,31,07/08/2022 12:00:00 AM
2022-07-10T04-15-26,80112,Welldyne,NLP,NLP,NLP,100,07/06/2022 12:00:00 AM
2022-07-10T04-15-26,80112,SAFEWAY PHARMACY,NLP,NLP,NLP,35,07/09/2022 12:00:00 AM
2022-07-10T04-15-26,80112,Walmart Pharmacy #3313,NLP,NLP,NLP,2,06/30/2022 12:00:00 AM
2022-07-11T04-15-25,80112,SAFEWAY PHARMACY,NLP,NLP,NLP,35,07/11/2022 12:00:00 AM
2022-07-11T04-15-25,80112,Walmart Pharmacy #3313,NLP,NLP,NLP,2,06/30/2022 12:00:00 AM
2022-07-11T04-15-25,80112,CVS Store #16033,NLP,NLP,NLP,31,07/08/2022 12:00:00 AM
2022-07-11T04-15-25,80112,South Denver Rheumatology,NLP,NLP,NLP,27,07/08/2022 12:00:00 AM
2022-07-11T04-15-25,80112,Welldyne,NLP,NLP,NLP,100,07/06/2022 12:00:00 AM
2022-07-12T04-15-22,80112,WALGREENS STORE #10704,NLP,NLP,NLP,35,07/11/2022 12:00:00 AM
2022-07-12T04-15-22,80112,CVS Store #16033,NLP,NLP,NLP,28,07/11/2022 12:00:00 AM
2022-07-12T04-15-22,80112,Welldyne,NLP,NLP,NLP,100,07/06/2022 12:00:00 AM
2022-07-12T04-15-22,80112,WALGREENS STORE #03091,NLP,NLP,NLP,152,07/11/2022 12:00:00 AM
2022-07-12T04-15-22,80112,SAFEWAY PHARMACY,NLP,NLP,NLP,35,07/11/2022 12:00:00 AM
2022-07-12T04-15-22,80112,South Denver Rheumatology,NLP,NLP,NLP,27,07/08/2022 12:00:00 AM
2022-07-12T04-15-22,80112,Walmart Pharmacy #3313,NLP,NLP,NLP,8,07/11/2022 12:00:00 AM
2022-07-13T04-15-22,80112,CVS Store #16033,NLP,NLP,NLP,27,07/12/2022 12:00:00 AM
2022-07-13T04-15-22,80112,WALGREENS STORE #10704,NLP,NLP,NLP,35,07/11/2022 12:00:00 AM
2022-07-13T04-15-22,80112,WALGREENS STORE #03091,NLP,NLP,NLP,152,07/11/2022 12:00:00 AM
2022-07-13T04-15-22,80112,Welldyne,NLP,NLP,NLP,100,07/12/2022 12:00:00 AM
2022-07-13T04-15-22,80112,SAFEWAY PHARMACY,NLP,NLP,NLP,34,07/12/2022 12:00:00 AM
2022-07-13T04-15-22,80112,South Denver Rheumatology,NLP,NLP,NLP,22,07/13/2022 12:00:00 AM
2022-07-13T04-15-22,80112,Walmart Pharmacy #3313,NLP,NLP,NLP,8,07/12/2022 12:00:00 AM
2022-07-14T04-15-29,80112,SAFEWAY PHARMACY,NLP,NLP,NLP,34,07/13/2022 12:00:00 AM
2022-07-14T04-15-29,80112,South Denver Rheumatology,NLP,NLP,NLP,22,07/13/2022 12:00:00 AM
2022-07-14T04-15-29,80112,CVS Store #16033,NLP,NLP,NLP,28,07/13/2022 12:00:00 AM
2022-07-14T04-15-29,80112,WALGREENS STORE #10704,NLP,NLP,NLP,33,07/13/2022 12:00:00 AM
2022-07-14T04-15-29,80112,WALGREENS STORE #03091,NLP,NLP,NLP,152,07/13/2022 12:00:00 AM
2022-07-14T04-15-29,80112,Walmart Pharmacy #3313,NLP,NLP,NLP,6,07/13/2022 12:00:00 AM
2022-07-14T04-15-29,80112,Welldyne,NLP,NLP,NLP,100,07/12/2022 12:00:00 AM
2022-07-15T04-15-46,80112,SAFEWAY PHARMACY,NLP,NLP,NLP,34,07/14/2022 12:00:00 AM
2022-07-15T04-15-46,80112,South Denver Rheumatology,NLP,NLP,NLP,22,07/13/2022 12:00:00 AM
2022-07-15T04-15-46,80112,CVS Store #16033,NLP,NLP,NLP,28,07/14/2022 12:00:00 AM
2022-07-15T04-15-46,80112,WALGREENS STORE #03091,NLP,NLP,NLP,152,07/14/2022 12:00:00 AM
2022-07-15T04-15-46,80112,WALGREENS STORE #10704,NLP,NLP,NLP,28,07/14/2022 12:00:00 AM
2022-07-15T04-15-46,80112,Walmart Pharmacy #3313,NLP,NLP,NLP,6,07/14/2022 12:00:00 AM
2022-07-15T04-15-46,80112,Welldyne,NLP,NLP,NLP,100,07/12/2022 12:00:00 AM
2022-07-17T04-15-18,80112,WALGREENS STORE #03091,NLP,NLP,NLP,152,07/14/2022 12:00:00 AM
2022-07-17T04-15-18,80112,WALGREENS STORE #10704,NLP,NLP,NLP,28,07/14/2022 12:00:00 AM
2022-07-17T04-15-18,80112,CVS Store #16033,NLP,NLP,NLP,26,07/15/2022 12:00:00 AM
2022-07-17T04-15-18,80112,South Denver Rheumatology,NLP,NLP,NLP,22,07/13/2022 12:00:00 AM
2022-07-17T04-15-18,80112,Welldyne,NLP,NLP,NLP,100,07/12/2022 12:00:00 AM
2022-07-17T04-15-18,80112,SAFEWAY PHARMACY,NLP,NLP,NLP,34,07/16/2022 12:00:00 AM
2022-07-17T04-15-18,80112,Walmart Pharmacy #3313,NLP,NLP,NLP,6,07/14/2022 12:00:00 AM
2022-07-18T04-15-21,80112,WALGREENS STORE #03091,NLP,NLP,NLP,152,07/14/2022 12:00:00 AM
2022-07-18T04-15-21,80112,WALGREENS STORE #10704,NLP,NLP,NLP,28,07/14/2022 12:00:00 AM
2022-07-18T04-15-21,80112,South Denver Rheumatology,NLP,NLP,NLP,22,07/13/2022 12:00:00 AM
2022-07-18T04-15-21,80112,CVS Store #16033,NLP,NLP,NLP,26,07/15/2022 12:00:00 AM
2022-07-18T04-15-21,80112,Welldyne,NLP,NLP,NLP,100,07/12/2022 12:00:00 AM
2022-07-18T04-15-21,80112,SAFEWAY PHARMACY,NLP,NLP,NLP,33,07/17/2022 12:00:00 AM
2022-07-18T04-15-21,80112,Walmart Pharmacy #3313,NLP,NLP,NLP,6,07/14/2022 12:00:00 AM
2022-07-18T07-55-19,80112,South Denver Rheumatology,NLP,NLP,NLP,22,07/13/2022 12:00:00 AM
2022-07-18T07-55-19,80112,WALGREENS STORE #10704,NLP,NLP,NLP,28,07/14/2022 12:00:00 AM
2022-07-18T07-55-19,80112,CVS Store #16033,NLP,NLP,NLP,26,07/15/2022 12:00:00 AM
2022-07-18T07-55-19,80112,WALGREENS STORE #03091,NLP,NLP,NLP,152,07/14/2022 12:00:00 AM
2022-07-18T07-55-19,80112,Welldyne,NLP,NLP,NLP,100,07/12/2022 12:00:00 AM
2022-07-18T07-55-19,80112,Walmart Pharmacy #3313,NLP,NLP,NLP,6,07/14/2022 12:00:00 AM
2022-07-18T07-55-19,80112,SAFEWAY PHARMACY,NLP,NLP,NLP,34,07/15/2022 12:00:00 AM
2022-07-19T04-15-25,80112,WALGREENS STORE #03091,NLP,NLP,NLP,30,07/18/2022 12:00:00 AM
2022-07-19T04-15-25,80112,SAFEWAY PHARMACY,NLP,NLP,NLP,33,07/17/2022 12:00:00 AM
2022-07-19T04-15-25,80112,Walmart Pharmacy #3313,NLP,NLP,NLP,3,07/18/2022 12:00:00 AM
2022-07-19T04-15-25,80112,South Denver Rheumatology,NLP,NLP,NLP,22,07/19/2022 12:00:00 AM
2022-07-19T04-15-25,80112,WALGREENS STORE #10704,NLP,NLP,NLP,48,07/18/2022 12:00:00 AM
2022-07-19T04-15-25,80112,CVS Store #16033,NLP,NLP,NLP,22,07/18/2022 12:00:00 AM
2022-07-19T04-15-25,80112,Welldyne,NLP,NLP,NLP,100,07/12/2022 12:00:00 AM
2022-07-20T04-15-41,80112,WALGREENS STORE #10704,NLP,NLP,NLP,48,07/18/2022 12:00:00 AM
2022-07-20T04-15-41,80112,South Denver Rheumatology,NLP,NLP,NLP,20,07/20/2022 12:00:00 AM
2022-07-20T04-15-41,80112,CVS Store #16033,NLP,NLP,NLP,22,07/18/2022 12:00:00 AM
2022-07-20T04-15-41,80112,Walmart Pharmacy #3313,NLP,NLP,NLP,2,07/19/2022 12:00:00 AM
2022-07-20T04-15-41,80112,SAFEWAY PHARMACY,NLP,NLP,NLP,32,07/19/2022 12:00:00 AM
2022-07-20T04-15-41,80112,WALGREENS STORE #03091,NLP,NLP,NLP,30,07/18/2022 12:00:00 AM
2022-07-20T04-15-41,80112,Welldyne,NLP,NLP,NLP,100,07/19/2022 12:00:00 AM
2022-07-21T04-15-40,80112,WALGREENS STORE #03091,NLP,NLP,NLP,30,07/18/2022 12:00:00 AM
2022-07-21T04-15-40,80112,Welldyne,NLP,NLP,NLP,100,07/19/2022 12:00:00 AM
2022-07-21T04-15-40,80112,South Denver Rheumatology,NLP,NLP,NLP,18,07/20/2022 12:00:00 AM
2022-07-21T04-15-40,80112,WALGREENS STORE #10704,NLP,NLP,NLP,48,07/18/2022 12:00:00 AM
2022-07-21T04-15-40,80112,CVS Store #16033,NLP,NLP,NLP,22,07/18/2022 12:00:00 AM
2022-07-21T04-15-40,80112,Walmart Pharmacy #3313,NLP,NLP,NLP,2,07/20/2022 12:00:00 AM
2022-07-21T04-15-40,80112,SAFEWAY PHARMACY,NLP,NLP,NLP,29,07/20/2022 12:00:00 AM
2022-07-22T04-15-29,80112,WALGREENS STORE #10704,NLP,NLP,NLP,46,07/21/2022 12:00:00 AM
2022-07-22T04-15-29,80112,South Denver Rheumatology,NLP,NLP,NLP,18,07/20/2022 12:00:00 AM
2022-07-22T04-15-29,80112,Welldyne,NLP,NLP,NLP,100,07/21/2022 12:00:00 AM
2022-07-22T04-15-29,80112,CVS Store #16033,NLP,NLP,NLP,21,07/21/2022 12:00:00 AM
2022-07-22T04-15-29,80112,WALGREENS STORE #03091,NLP,NLP,NLP,26,07/21/2022 12:00:00 AM
2022-07-22T04-15-29,80112,Walmart Pharmacy #3313,NLP,NLP,NLP,2,07/21/2022 12:00:00 AM
2022-07-22T04-15-29,80112,SAFEWAY PHARMACY,NLP,NLP,NLP,28,07/21/2022 12:00:00 AM
2022-07-23T04-15-20,80112,WALGREENS STORE #03091,NLP,NLP,NLP,26,07/21/2022 12:00:00 AM
2022-07-23T04-15-20,80112,SAFEWAY PHARMACY,NLP,NLP,NLP,28,07/22/2022 12:00:00 AM
2022-07-23T04-15-20,80112,Walmart Pharmacy #3313,NLP,NLP,NLP,2,07/21/2022 12:00:00 AM
2022-07-23T04-15-20,80112,CVS Store #16033,NLP,NLP,NLP,20,07/22/2022 12:00:00 AM
2022-07-23T04-15-20,80112,South Denver Rheumatology,NLP,NLP,NLP,18,07/20/2022 12:00:00 AM
2022-07-23T04-15-20,80112,WALGREENS STORE #10704,NLP,NLP,NLP,46,07/21/2022 12:00:00 AM
2022-07-23T04-15-20,80112,Welldyne,NLP,NLP,NLP,100,07/21/2022 12:00:00 AM
2022-07-24T04-15-21,80112,WALGREENS STORE #03091,NLP,NLP,NLP,26,07/21/2022 12:00:00 AM
2022-07-24T04-15-21,80112,SAFEWAY PHARMACY,NLP,NLP,NLP,28,07/23/2022 12:00:00 AM
2022-07-24T04-15-21,80112,Walmart Pharmacy #3313,NLP,NLP,NLP,2,07/21/2022 12:00:00 AM
2022-07-24T04-15-21,80112,CVS Store #16033,NLP,NLP,NLP,20,07/22/2022 12:00:00 AM
2022-07-24T04-15-21,80112,WALGREENS STORE #10704,NLP,NLP,NLP,46,07/21/2022 12:00:00 AM
2022-07-24T04-15-21,80112,South Denver Rheumatology,NLP,NLP,NLP,18,07/20/2022 12:00:00 AM
2022-07-24T04-15-21,80112,Welldyne,NLP,NLP,NLP,100,07/21/2022 12:00:00 AM
