2022-03-08T14-40-56,94110,ZUCKERBERG SAN FRANCISCO GENERAL HO,03/04/2022 12:00:00 AM,03/08/2022 12:00:00 AM,10,,
2022-03-16T18-51-35,94110,ZUCKERBERG SAN FRANCISCO GENERAL HO,NLP,NLP,NLP,10,03/11/2022 12:00:00 AM
2022-03-18T09-58-11,94110,ZUCKERBERG SAN FRANCISCO GENERAL HO,NLP,NLP,NLP,10,03/14/2022 12:00:00 AM
2022-03-18T11-03-37,94110,ZUCKERBERG SAN FRANCISCO GENERAL HO,NLP,NLP,NLP,10,03/14/2022 12:00:00 AM
2022-03-18T11-17-38,94110,ZUCKERBERG SAN FRANCISCO GENERAL HO,NLP,NLP,NLP,10,03/17/2022 12:00:00 AM
2022-03-18T15-22-50,94110,ZUCKERBERG SAN FRANCISCO GENERAL HO,NLP,NLP,NLP,10,03/17/2022 12:00:00 AM
2022-03-19T08-15-59,94110,ZUCKERBERG SAN FRANCISCO GENERAL HO,NLP,NLP,NLP,8,03/18/2022 12:00:00 AM
2022-03-19T11-58-02,94110,ZUCKERBERG SAN FRANCISCO GENERAL HO,NLP,NLP,NLP,8,03/18/2022 12:00:00 AM
2022-03-20T06-05-37,94110,ZUCKERBERG SAN FRANCISCO GENERAL HO,NLP,NLP,NLP,8,03/18/2022 12:00:00 AM
2022-03-21T06-11-50,94110,ZUCKERBERG SAN FRANCISCO GENERAL HO,NLP,NLP,NLP,8,03/18/2022 12:00:00 AM
2022-03-21T14-18-38,94110,ZUCKERBERG SAN FRANCISCO GENERAL HO,NLP,NLP,NLP,8,03/18/2022 12:00:00 AM
2022-03-21T16-35-27,94110,ZUCKERBERG SAN FRANCISCO GENERAL HO,NLP,NLP,NLP,8,03/21/2022 12:00:00 AM
2022-03-22T09-16-18,94110,ZUCKERBERG SAN FRANCISCO GENERAL HO,NLP,NLP,NLP,8,03/21/2022 12:00:00 AM
2022-03-23T08-41-43,94110,ZUCKERBERG SAN FRANCISCO GENERAL HO,NLP,NLP,NLP,8,03/22/2022 12:00:00 AM
2022-03-24T07-49-11,94110,ZUCKERBERG SAN FRANCISCO GENERAL HO,NLP,NLP,NLP,8,03/22/2022 12:00:00 AM
2022-03-24T13-46-29,94110,ZUCKERBERG SAN FRANCISCO GENERAL HO,NLP,NLP,NLP,8,03/24/2022 12:00:00 AM
2022-03-25T08-10-53,94110,ZUCKERBERG SAN FRANCISCO GENERAL HO,NLP,NLP,NLP,8,03/24/2022 12:00:00 AM
2022-03-26T06-57-27,94110,ZUCKERBERG SAN FRANCISCO GENERAL HO,NLP,NLP,NLP,8,03/25/2022 12:00:00 AM
2022-03-26T12-42-50,94110,ZUCKERBERG SAN FRANCISCO GENERAL HO,NLP,NLP,NLP,8,03/25/2022 12:00:00 AM
2022-03-27T06-25-27,94110,ZUCKERBERG SAN FRANCISCO GENERAL HO,NLP,NLP,NLP,8,03/25/2022 12:00:00 AM
2022-03-28T06-21-17,94110,ZUCKERBERG SAN FRANCISCO GENERAL HO,NLP,NLP,NLP,8,03/25/2022 12:00:00 AM
2022-03-29T08-50-48,94110,ZUCKERBERG SAN FRANCISCO GENERAL HO,NLP,NLP,NLP,8,03/28/2022 12:00:00 AM
2022-03-30T09-27-07,94110,ZUCKERBERG SAN FRANCISCO GENERAL HO,NLP,NLP,NLP,8,03/29/2022 12:00:00 AM
2022-03-31T08-53-07,94110,ZUCKERBERG SAN FRANCISCO GENERAL HO,NLP,NLP,NLP,6,03/30/2022 12:00:00 AM
2022-03-31T15-09-22,94110,ZUCKERBERG SAN FRANCISCO GENERAL HO,NLP,NLP,NLP,6,03/30/2022 12:00:00 AM
2022-04-01T06-54-45,94110,ZUCKERBERG SAN FRANCISCO GENERAL HO,NLP,NLP,NLP,6,03/30/2022 12:00:00 AM
2022-04-02T06-05-59,94110,ZUCKERBERG SAN FRANCISCO GENERAL HO,NLP,NLP,NLP,6,04/01/2022 12:00:00 AM
2022-04-03T05-51-54,94110,ZUCKERBERG SAN FRANCISCO GENERAL HO,NLP,NLP,NLP,6,04/01/2022 12:00:00 AM
2022-04-04T05-38-24,94110,ZUCKERBERG SAN FRANCISCO GENERAL HO,NLP,NLP,NLP,6,04/01/2022 12:00:00 AM
2022-04-05T05-48-33,94110,ZUCKERBERG SAN FRANCISCO GENERAL HO,NLP,NLP,NLP,6,04/04/2022 12:00:00 AM
2022-04-06T05-45-18,94110,ZUCKERBERG SAN FRANCISCO GENERAL HO,NLP,NLP,NLP,6,04/04/2022 12:00:00 AM
2022-04-07T05-34-07,94110,ZUCKERBERG SAN FRANCISCO GENERAL HO,NLP,NLP,NLP,16,04/06/2022 12:00:00 AM
2022-04-08T05-48-29,94110,ZUCKERBERG SAN FRANCISCO GENERAL HO,NLP,NLP,NLP,16,04/07/2022 12:00:00 AM
2022-04-09T05-41-09,94110,ZUCKERBERG SAN FRANCISCO GENERAL HO,NLP,NLP,NLP,16,04/08/2022 12:00:00 AM
2022-04-10T09-31-27,94110,ZUCKERBERG SAN FRANCISCO GENERAL HO,NLP,NLP,NLP,16,04/08/2022 12:00:00 AM
2022-04-11T07-06-23,94110,ZUCKERBERG SAN FRANCISCO GENERAL HO,NLP,NLP,NLP,16,04/08/2022 12:00:00 AM
2022-04-12T07-06-55,94110,ZUCKERBERG SAN FRANCISCO GENERAL HO,NLP,NLP,NLP,16,04/11/2022 12:00:00 AM
2022-04-13T09-20-57,94110,ZUCKERBERG SAN FRANCISCO GENERAL HO,NLP,NLP,NLP,16,04/11/2022 12:00:00 AM
2022-04-13T11-55-39,94110,ZUCKERBERG SAN FRANCISCO GENERAL HO,NLP,NLP,NLP,16,04/11/2022 12:00:00 AM
2022-04-14T09-18-06,94110,ZUCKERBERG SAN FRANCISCO GENERAL HO,NLP,NLP,NLP,22,04/13/2022 12:00:00 AM
2022-04-15T06-03-51,94110,ZUCKERBERG SAN FRANCISCO GENERAL HO,NLP,NLP,NLP,22,04/14/2022 12:00:00 AM
2022-04-16T05-33-42,94110,ZUCKERBERG SAN FRANCISCO GENERAL HO,NLP,NLP,NLP,22,04/15/2022 12:00:00 AM
2022-04-17T05-32-24,94110,ZUCKERBERG SAN FRANCISCO GENERAL HO,NLP,NLP,NLP,22,04/15/2022 12:00:00 AM
2022-04-18T05-31-10,94110,ZUCKERBERG SAN FRANCISCO GENERAL HO,NLP,NLP,NLP,22,04/15/2022 12:00:00 AM
2022-04-19T05-39-24,94110,ZUCKERBERG SAN FRANCISCO GENERAL HO,NLP,NLP,NLP,20,04/18/2022 12:00:00 AM
2022-04-20T05-27-37,94110,ZUCKERBERG SAN FRANCISCO GENERAL HO,NLP,NLP,NLP,20,04/19/2022 12:00:00 AM
2022-04-21T05-29-54,94110,ZUCKERBERG SAN FRANCISCO GENERAL HO,NLP,NLP,NLP,20,04/20/2022 12:00:00 AM
2022-04-22T05-26-18,94110,ZUCKERBERG SAN FRANCISCO GENERAL HO,NLP,NLP,NLP,20,04/21/2022 12:00:00 AM
2022-04-23T05-25-10,94110,ZUCKERBERG SAN FRANCISCO GENERAL HO,NLP,NLP,NLP,20,04/22/2022 12:00:00 AM
2022-04-24T05-22-24,94110,ZUCKERBERG SAN FRANCISCO GENERAL HO,NLP,NLP,NLP,20,04/22/2022 12:00:00 AM
2022-04-25T05-22-33,94110,ZUCKERBERG SAN FRANCISCO GENERAL HO,NLP,NLP,NLP,20,04/22/2022 12:00:00 AM
2022-04-26T05-20-54,94110,ZUCKERBERG SAN FRANCISCO GENERAL HO,NLP,NLP,NLP,20,04/25/2022 12:00:00 AM
2022-04-27T05-23-49,94110,ZUCKERBERG SAN FRANCISCO GENERAL HO,NLP,NLP,NLP,20,04/26/2022 12:00:00 AM
2022-04-28T09-22-45,94110,ZUCKERBERG SAN FRANCISCO GENERAL HO,NLP,NLP,NLP,40,04/27/2022 12:00:00 AM
2022-04-29T05-13-54,94110,ZUCKERBERG SAN FRANCISCO GENERAL HO,NLP,NLP,NLP,40,04/28/2022 12:00:00 AM
2022-04-30T05-15-55,94110,ZUCKERBERG SAN FRANCISCO GENERAL HO,NLP,NLP,NLP,40,04/29/2022 12:00:00 AM
2022-05-01T05-13-51,94110,ZUCKERBERG SAN FRANCISCO GENERAL HO,NLP,NLP,NLP,40,04/29/2022 12:00:00 AM
2022-05-02T06-02-50,94110,ZUCKERBERG SAN FRANCISCO GENERAL HO,NLP,NLP,NLP,40,04/29/2022 12:00:00 AM
2022-05-03T06-05-23,94110,ZUCKERBERG SAN FRANCISCO GENERAL HO,NLP,NLP,NLP,37,05/02/2022 12:00:00 AM
2022-05-04T05-12-02,94110,ZUCKERBERG SAN FRANCISCO GENERAL HO,NLP,NLP,NLP,37,05/03/2022 12:00:00 AM
2022-05-05T09-49-47,94110,ZUCKERBERG SAN FRANCISCO GENERAL HO,NLP,NLP,NLP,54,05/04/2022 12:00:00 AM
2022-05-06T06-12-41,94110,ZUCKERBERG SAN FRANCISCO GENERAL HO,NLP,NLP,NLP,54,05/05/2022 12:00:00 AM
2022-05-07T05-45-31,94110,ZUCKERBERG SAN FRANCISCO GENERAL HO,NLP,NLP,NLP,54,05/06/2022 12:00:00 AM
2022-05-08T10-02-59,94110,ZUCKERBERG SAN FRANCISCO GENERAL HO,NLP,NLP,NLP,54,05/06/2022 12:00:00 AM
2022-05-09T05-08-14,94110,ZUCKERBERG SAN FRANCISCO GENERAL HO,NLP,NLP,NLP,54,05/06/2022 12:00:00 AM
2022-05-10T06-06-54,94110,ZUCKERBERG SAN FRANCISCO GENERAL HO,NLP,NLP,NLP,54,05/09/2022 12:00:00 AM
2022-05-11T06-51-12,94110,ZUCKERBERG SAN FRANCISCO GENERAL HO,NLP,NLP,NLP,54,05/10/2022 12:00:00 AM
2022-05-12T07-16-49,94110,ZUCKERBERG SAN FRANCISCO GENERAL HO,NLP,NLP,NLP,72,05/11/2022 12:00:00 AM
2022-05-13T06-07-31,94110,ZUCKERBERG SAN FRANCISCO GENERAL HO,NLP,NLP,NLP,72,05/12/2022 12:00:00 AM
2022-05-14T08-49-14,94110,ZUCKERBERG SAN FRANCISCO GENERAL HO,NLP,NLP,NLP,72,05/13/2022 12:00:00 AM
2022-05-15T05-54-13,94110,ZUCKERBERG SAN FRANCISCO GENERAL HO,NLP,NLP,NLP,72,05/13/2022 12:00:00 AM
2022-05-16T05-54-24,94110,ZUCKERBERG SAN FRANCISCO GENERAL HO,NLP,NLP,NLP,72,05/13/2022 12:00:00 AM
2022-05-17T05-27-38,94110,ZUCKERBERG SAN FRANCISCO GENERAL HO,NLP,NLP,NLP,72,05/16/2022 12:00:00 AM
2022-05-18T05-40-23,94110,ZUCKERBERG SAN FRANCISCO GENERAL HO,NLP,NLP,NLP,72,05/17/2022 12:00:00 AM
2022-05-19T05-25-31,94110,ZUCKERBERG SAN FRANCISCO GENERAL HO,NLP,NLP,NLP,109,05/18/2022 12:00:00 AM
2022-05-20T05-59-40,94110,ZUCKERBERG SAN FRANCISCO GENERAL HO,NLP,NLP,NLP,109,05/18/2022 12:00:00 AM
2022-05-21T05-54-21,94110,ZUCKERBERG SAN FRANCISCO GENERAL HO,NLP,NLP,NLP,108,05/19/2022 12:00:00 AM
2022-05-22T09-07-10,94110,ZUCKERBERG SAN FRANCISCO GENERAL HO,NLP,NLP,NLP,108,05/19/2022 12:00:00 AM
2022-05-23T07-42-39,94110,ZUCKERBERG SAN FRANCISCO GENERAL HO,NLP,NLP,NLP,108,05/19/2022 12:00:00 AM
2022-05-23T07-42-39,94110,ZUCKERBERG SAN FRANCISCO GENERAL HO,NLP,NLP,NLP,108,05/19/2022 12:00:00 AM
2022-05-23T07-42-39,94110,ZUCKERBERG SAN FRANCISCO GENERAL HO,NLP,NLP,NLP,108,05/19/2022 12:00:00 AM
2022-05-23T07-42-39,94110,ZUCKERBERG SAN FRANCISCO GENERAL HO,NLP,NLP,NLP,108,05/19/2022 12:00:00 AM
2022-05-23T07-42-39,94110,ZUCKERBERG SAN FRANCISCO GENERAL HO,NLP,NLP,NLP,108,05/19/2022 12:00:00 AM
2022-05-23T07-42-39,94110,ZUCKERBERG SAN FRANCISCO GENERAL HO,NLP,NLP,NLP,108,05/19/2022 12:00:00 AM
2022-05-23T07-42-39,94110,ZUCKERBERG SAN FRANCISCO GENERAL HO,NLP,NLP,NLP,108,05/19/2022 12:00:00 AM
2022-05-23T07-42-39,94110,ZUCKERBERG SAN FRANCISCO GENERAL HO,NLP,NLP,NLP,108,05/19/2022 12:00:00 AM
2022-05-23T07-42-39,94110,ZUCKERBERG SAN FRANCISCO GENERAL HO,NLP,NLP,NLP,108,05/19/2022 12:00:00 AM
2022-05-23T07-42-39,94110,ZUCKERBERG SAN FRANCISCO GENERAL HO,NLP,NLP,NLP,108,05/19/2022 12:00:00 AM
2022-05-23T07-42-39,94110,ZUCKERBERG SAN FRANCISCO GENERAL HO,NLP,NLP,NLP,108,05/19/2022 12:00:00 AM
2022-05-23T07-42-39,94110,ZUCKERBERG SAN FRANCISCO GENERAL HO,NLP,NLP,NLP,108,05/19/2022 12:00:00 AM
2022-05-23T07-42-39,94110,ZUCKERBERG SAN FRANCISCO GENERAL HO,NLP,NLP,NLP,108,05/19/2022 12:00:00 AM
2022-05-23T07-42-39,94110,ZUCKERBERG SAN FRANCISCO GENERAL HO,NLP,NLP,NLP,108,05/19/2022 12:00:00 AM
2022-05-23T07-42-39,94110,ZUCKERBERG SAN FRANCISCO GENERAL HO,NLP,NLP,NLP,108,05/19/2022 12:00:00 AM
2022-05-23T07-42-39,94110,ZUCKERBERG SAN FRANCISCO GENERAL HO,NLP,NLP,NLP,108,05/19/2022 12:00:00 AM
2022-05-24T05-46-03,94110,ZUCKERBERG SAN FRANCISCO GENERAL HO,NLP,NLP,NLP,108,05/23/2022 12:00:00 AM
2022-05-24T05-46-03,94110,ZUCKERBERG SAN FRANCISCO GENERAL HO,NLP,NLP,NLP,108,05/23/2022 12:00:00 AM
2022-05-24T05-46-03,94110,ZUCKERBERG SAN FRANCISCO GENERAL HO,NLP,NLP,NLP,108,05/23/2022 12:00:00 AM
2022-05-24T05-46-03,94110,ZUCKERBERG SAN FRANCISCO GENERAL HO,NLP,NLP,NLP,108,05/23/2022 12:00:00 AM
2022-05-24T05-46-03,94110,ZUCKERBERG SAN FRANCISCO GENERAL HO,NLP,NLP,NLP,108,05/23/2022 12:00:00 AM
2022-05-24T05-46-03,94110,ZUCKERBERG SAN FRANCISCO GENERAL HO,NLP,NLP,NLP,108,05/23/2022 12:00:00 AM
2022-05-24T05-46-03,94110,ZUCKERBERG SAN FRANCISCO GENERAL HO,NLP,NLP,NLP,108,05/23/2022 12:00:00 AM
2022-05-24T05-46-03,94110,ZUCKERBERG SAN FRANCISCO GENERAL HO,NLP,NLP,NLP,108,05/23/2022 12:00:00 AM
2022-05-24T05-46-03,94110,ZUCKERBERG SAN FRANCISCO GENERAL HO,NLP,NLP,NLP,108,05/23/2022 12:00:00 AM
2022-05-24T05-46-03,94110,ZUCKERBERG SAN FRANCISCO GENERAL HO,NLP,NLP,NLP,108,05/23/2022 12:00:00 AM
2022-05-24T05-46-03,94110,ZUCKERBERG SAN FRANCISCO GENERAL HO,NLP,NLP,NLP,108,05/23/2022 12:00:00 AM
2022-05-24T05-46-03,94110,ZUCKERBERG SAN FRANCISCO GENERAL HO,NLP,NLP,NLP,108,05/23/2022 12:00:00 AM
2022-05-24T05-46-03,94110,ZUCKERBERG SAN FRANCISCO GENERAL HO,NLP,NLP,NLP,108,05/23/2022 12:00:00 AM
2022-05-24T05-46-03,94110,ZUCKERBERG SAN FRANCISCO GENERAL HO,NLP,NLP,NLP,108,05/23/2022 12:00:00 AM
2022-05-24T05-46-03,94110,ZUCKERBERG SAN FRANCISCO GENERAL HO,NLP,NLP,NLP,108,05/23/2022 12:00:00 AM
2022-05-24T05-46-03,94110,ZUCKERBERG SAN FRANCISCO GENERAL HO,NLP,NLP,NLP,108,05/23/2022 12:00:00 AM
2022-05-24T05-46-03,94110,ZUCKERBERG SAN FRANCISCO GENERAL HO,NLP,NLP,NLP,108,05/23/2022 12:00:00 AM
2022-05-24T05-46-03,94110,ZUCKERBERG SAN FRANCISCO GENERAL HO,NLP,NLP,NLP,108,05/23/2022 12:00:00 AM
2022-05-24T05-46-03,94110,ZUCKERBERG SAN FRANCISCO GENERAL HO,NLP,NLP,NLP,108,05/23/2022 12:00:00 AM
2022-05-24T05-46-03,94110,ZUCKERBERG SAN FRANCISCO GENERAL HO,NLP,NLP,NLP,108,05/23/2022 12:00:00 AM
2022-05-24T05-46-03,94110,ZUCKERBERG SAN FRANCISCO GENERAL HO,NLP,NLP,NLP,108,05/23/2022 12:00:00 AM
2022-05-24T05-46-03,94110,ZUCKERBERG SAN FRANCISCO GENERAL HO,NLP,NLP,NLP,108,05/23/2022 12:00:00 AM
2022-05-25T05-39-27,94110,ZUCKERBERG SAN FRANCISCO GENERAL HO,NLP,NLP,NLP,108,05/24/2022 12:00:00 AM
2022-05-25T05-39-27,94110,ZUCKERBERG SAN FRANCISCO GENERAL HO,NLP,NLP,NLP,108,05/24/2022 12:00:00 AM
2022-05-25T05-39-27,94110,ZUCKERBERG SAN FRANCISCO GENERAL HO,NLP,NLP,NLP,108,05/24/2022 12:00:00 AM
2022-05-25T05-39-27,94110,ZUCKERBERG SAN FRANCISCO GENERAL HO,NLP,NLP,NLP,108,05/24/2022 12:00:00 AM
2022-05-25T05-39-27,94110,ZUCKERBERG SAN FRANCISCO GENERAL HO,NLP,NLP,NLP,108,05/24/2022 12:00:00 AM
2022-05-25T05-39-27,94110,ZUCKERBERG SAN FRANCISCO GENERAL HO,NLP,NLP,NLP,108,05/24/2022 12:00:00 AM
2022-05-25T05-39-27,94110,ZUCKERBERG SAN FRANCISCO GENERAL HO,NLP,NLP,NLP,108,05/24/2022 12:00:00 AM
2022-05-25T05-39-27,94110,ZUCKERBERG SAN FRANCISCO GENERAL HO,NLP,NLP,NLP,108,05/24/2022 12:00:00 AM
2022-05-25T05-39-27,94110,ZUCKERBERG SAN FRANCISCO GENERAL HO,NLP,NLP,NLP,108,05/24/2022 12:00:00 AM
2022-05-25T05-39-27,94110,ZUCKERBERG SAN FRANCISCO GENERAL HO,NLP,NLP,NLP,108,05/24/2022 12:00:00 AM
2022-05-25T05-39-27,94110,ZUCKERBERG SAN FRANCISCO GENERAL HO,NLP,NLP,NLP,108,05/24/2022 12:00:00 AM
2022-05-25T05-39-27,94110,ZUCKERBERG SAN FRANCISCO GENERAL HO,NLP,NLP,NLP,108,05/24/2022 12:00:00 AM
2022-05-25T05-39-27,94110,ZUCKERBERG SAN FRANCISCO GENERAL HO,NLP,NLP,NLP,108,05/24/2022 12:00:00 AM
2022-05-25T05-39-27,94110,ZUCKERBERG SAN FRANCISCO GENERAL HO,NLP,NLP,NLP,108,05/24/2022 12:00:00 AM
2022-05-25T05-39-27,94110,ZUCKERBERG SAN FRANCISCO GENERAL HO,NLP,NLP,NLP,108,05/24/2022 12:00:00 AM
2022-05-25T05-39-27,94110,ZUCKERBERG SAN FRANCISCO GENERAL HO,NLP,NLP,NLP,108,05/24/2022 12:00:00 AM
2022-05-25T05-39-27,94110,ZUCKERBERG SAN FRANCISCO GENERAL HO,NLP,NLP,NLP,108,05/24/2022 12:00:00 AM
2022-05-25T05-39-27,94110,ZUCKERBERG SAN FRANCISCO GENERAL HO,NLP,NLP,NLP,108,05/24/2022 12:00:00 AM
2022-05-25T05-39-27,94110,ZUCKERBERG SAN FRANCISCO GENERAL HO,NLP,NLP,NLP,108,05/24/2022 12:00:00 AM
2022-05-25T05-39-27,94110,ZUCKERBERG SAN FRANCISCO GENERAL HO,NLP,NLP,NLP,108,05/24/2022 12:00:00 AM
2022-05-25T05-39-27,94110,ZUCKERBERG SAN FRANCISCO GENERAL HO,NLP,NLP,NLP,108,05/24/2022 12:00:00 AM
2022-05-25T05-39-27,94110,ZUCKERBERG SAN FRANCISCO GENERAL HO,NLP,NLP,NLP,108,05/24/2022 12:00:00 AM
2022-05-25T05-39-27,94110,ZUCKERBERG SAN FRANCISCO GENERAL HO,NLP,NLP,NLP,108,05/24/2022 12:00:00 AM
2022-05-25T05-39-27,94110,ZUCKERBERG SAN FRANCISCO GENERAL HO,NLP,NLP,NLP,108,05/24/2022 12:00:00 AM
2022-05-25T05-39-27,94110,ZUCKERBERG SAN FRANCISCO GENERAL HO,NLP,NLP,NLP,108,05/24/2022 12:00:00 AM
2022-05-26T07-59-29,94110,ZUCKERBERG SAN FRANCISCO GENERAL HO,NLP,NLP,NLP,105,05/25/2022 12:00:00 AM
2022-05-26T07-59-29,94110,ZUCKERBERG SAN FRANCISCO GENERAL HO,NLP,NLP,NLP,105,05/25/2022 12:00:00 AM
2022-05-26T07-59-29,94110,ZUCKERBERG SAN FRANCISCO GENERAL HO,NLP,NLP,NLP,105,05/25/2022 12:00:00 AM
2022-05-27T05-48-57,94110,ZUCKERBERG SAN FRANCISCO GENERAL HO,NLP,NLP,NLP,104,05/26/2022 12:00:00 AM
2022-05-28T05-34-18,94110,ZUCKERBERG SAN FRANCISCO GENERAL HO,NLP,NLP,NLP,104,05/27/2022 12:00:00 AM
2022-05-29T05-31-58,94110,ZUCKERBERG SAN FRANCISCO GENERAL HO,NLP,NLP,NLP,104,05/27/2022 12:00:00 AM
2022-05-30T05-32-42,94110,ZUCKERBERG SAN FRANCISCO GENERAL HO,NLP,NLP,NLP,104,05/27/2022 12:00:00 AM
2022-05-31T08-56-01,94110,ZUCKERBERG SAN FRANCISCO GENERAL HO,NLP,NLP,NLP,104,05/30/2022 12:00:00 AM
2022-06-01T05-37-50,94110,ZUCKERBERG SAN FRANCISCO GENERAL HO,NLP,NLP,NLP,104,05/31/2022 12:00:00 AM
2022-06-02T07-54-10,94110,ZUCKERBERG SAN FRANCISCO GENERAL HO,NLP,NLP,NLP,104,06/01/2022 12:00:00 AM
2022-06-03T08-50-11,94110,ZUCKERBERG SAN FRANCISCO GENERAL HO,NLP,NLP,NLP,104,06/01/2022 12:00:00 AM
2022-06-04T19-11-08,94110,ZUCKERBERG SAN FRANCISCO GENERAL HO,NLP,NLP,NLP,103,06/04/2022 12:00:00 AM
2022-06-05T08-48-25,94110,ZUCKERBERG SAN FRANCISCO GENERAL HO,NLP,NLP,NLP,103,06/04/2022 12:00:00 AM
2022-06-06T06-32-51,94110,ZUCKERBERG SAN FRANCISCO GENERAL HO,NLP,NLP,NLP,103,06/04/2022 12:00:00 AM
2022-06-07T05-36-41,94110,ZUCKERBERG SAN FRANCISCO GENERAL HO,NLP,NLP,NLP,103,06/06/2022 12:00:00 AM
2022-06-08T05-42-02,94110,ZUCKERBERG SAN FRANCISCO GENERAL HO,NLP,NLP,NLP,103,06/07/2022 12:00:00 AM
2022-06-09T04-15-20,94110,ZUCKERBERG SAN FRANCISCO GENERAL HO,NLP,NLP,NLP,103,06/08/2022 12:00:00 AM
2022-06-10T04-15-36,94110,ZUCKERBERG SAN FRANCISCO GENERAL HO,NLP,NLP,NLP,120,06/09/2022 12:00:00 AM
2022-06-11T04-15-14,94110,ZUCKERBERG SAN FRANCISCO GENERAL HO,NLP,NLP,NLP,120,06/10/2022 12:00:00 AM
2022-06-12T04-15-15,94110,ZUCKERBERG SAN FRANCISCO GENERAL HO,NLP,NLP,NLP,120,06/10/2022 12:00:00 AM
2022-06-13T04-15-40,94110,ZUCKERBERG SAN FRANCISCO GENERAL HO,NLP,NLP,NLP,120,06/10/2022 12:00:00 AM
2022-06-14T04-15-16,94110,ZUCKERBERG SAN FRANCISCO GENERAL HO,NLP,NLP,NLP,120,06/10/2022 12:00:00 AM
2022-06-15T04-15-27,94110,ZUCKERBERG SAN FRANCISCO GENERAL HO,NLP,NLP,NLP,113,06/14/2022 12:00:00 AM
2022-06-16T04-15-45,94110,ZUCKERBERG SAN FRANCISCO GENERAL HO,NLP,NLP,NLP,113,06/15/2022 12:00:00 AM
2022-06-17T04-15-27,94110,ZUCKERBERG SAN FRANCISCO GENERAL HO,NLP,NLP,NLP,113,06/15/2022 12:00:00 AM
2022-06-18T04-15-18,94110,ZUCKERBERG SAN FRANCISCO GENERAL HO,NLP,NLP,NLP,113,06/15/2022 12:00:00 AM
2022-06-19T04-15-29,94110,ZUCKERBERG SAN FRANCISCO GENERAL HO,NLP,NLP,NLP,113,06/15/2022 12:00:00 AM
2022-06-20T04-15-58,94110,ZUCKERBERG SAN FRANCISCO GENERAL HO,NLP,NLP,NLP,113,06/15/2022 12:00:00 AM
2022-06-21T04-15-35,94110,ZUCKERBERG SAN FRANCISCO GENERAL HO,NLP,NLP,NLP,113,06/15/2022 12:00:00 AM
2022-06-22T04-15-20,94110,ZUCKERBERG SAN FRANCISCO GENERAL HO,NLP,NLP,NLP,140,06/21/2022 12:00:00 AM
2022-06-23T04-15-16,94110,ZUCKERBERG SAN FRANCISCO GENERAL HO,NLP,NLP,NLP,140,06/22/2022 12:00:00 AM
2022-06-24T04-15-26,94110,ZUCKERBERG SAN FRANCISCO GENERAL HO,NLP,NLP,NLP,138,06/23/2022 12:00:00 AM
2022-06-25T04-15-18,94110,ZUCKERBERG SAN FRANCISCO GENERAL HO,NLP,NLP,NLP,138,06/23/2022 12:00:00 AM
2022-06-26T04-15-17,94110,ZUCKERBERG SAN FRANCISCO GENERAL HO,NLP,NLP,NLP,138,06/23/2022 12:00:00 AM
2022-06-27T04-15-31,94110,ZUCKERBERG SAN FRANCISCO GENERAL HO,NLP,NLP,NLP,138,06/23/2022 12:00:00 AM
2022-06-28T04-15-44,94110,ZUCKERBERG SAN FRANCISCO GENERAL HO,NLP,NLP,NLP,137,06/27/2022 12:00:00 AM
2022-06-29T04-15-40,94110,ZUCKERBERG SAN FRANCISCO GENERAL HO,NLP,NLP,NLP,136,06/28/2022 12:00:00 AM
2022-06-30T04-15-32,94110,ZUCKERBERG SAN FRANCISCO GENERAL HO,NLP,NLP,NLP,134,06/29/2022 12:00:00 AM
2022-07-01T04-15-22,94110,ZUCKERBERG SAN FRANCISCO GENERAL HO,NLP,NLP,NLP,132,06/30/2022 12:00:00 AM
2022-07-03T14-40-38,94110,ZUCKERBERG SAN FRANCISCO GENERAL HO,NLP,NLP,NLP,132,07/01/2022 12:00:00 AM
2022-07-04T04-15-29,94110,ZUCKERBERG SAN FRANCISCO GENERAL HO,NLP,NLP,NLP,132,07/01/2022 12:00:00 AM
2022-07-05T04-15-18,94110,ZUCKERBERG SAN FRANCISCO GENERAL HO,NLP,NLP,NLP,132,07/01/2022 12:00:00 AM
2022-07-06T04-15-19,94110,ZUCKERBERG SAN FRANCISCO GENERAL HO,NLP,NLP,NLP,132,07/05/2022 12:00:00 AM
2022-07-07T04-15-17,94110,ZUCKERBERG SAN FRANCISCO GENERAL HO,NLP,NLP,NLP,132,07/06/2022 12:00:00 AM
2022-07-07T13-15-18,94110,ZUCKERBERG SAN FRANCISCO GENERAL HO,NLP,NLP,NLP,132,07/06/2022 12:00:00 AM
2022-07-08T04-15-19,94110,ZUCKERBERG SAN FRANCISCO GENERAL HO,NLP,NLP,NLP,151,07/07/2022 12:00:00 AM
2022-07-09T04-15-19,94110,ZUCKERBERG SAN FRANCISCO GENERAL HO,NLP,NLP,NLP,151,07/08/2022 12:00:00 AM
2022-07-10T04-15-26,94110,ZUCKERBERG SAN FRANCISCO GENERAL HO,NLP,NLP,NLP,151,07/08/2022 12:00:00 AM
2022-07-11T04-15-25,94110,ZUCKERBERG SAN FRANCISCO GENERAL HO,NLP,NLP,NLP,151,07/08/2022 12:00:00 AM
2022-07-12T04-15-22,94110,ZUCKERBERG SAN FRANCISCO GENERAL HO,NLP,NLP,NLP,148,07/11/2022 12:00:00 AM
2022-07-13T04-15-22,94110,ZUCKERBERG SAN FRANCISCO GENERAL HO,NLP,NLP,NLP,148,07/12/2022 12:00:00 AM
2022-07-14T04-15-29,94110,ZUCKERBERG SAN FRANCISCO GENERAL HO,NLP,NLP,NLP,168,07/13/2022 12:00:00 AM
2022-07-15T04-15-46,94110,ZUCKERBERG SAN FRANCISCO GENERAL HO,NLP,NLP,NLP,168,07/13/2022 12:00:00 AM
2022-07-17T04-15-18,94110,ZUCKERBERG SAN FRANCISCO GENERAL HO,NLP,NLP,NLP,166,07/15/2022 12:00:00 AM
2022-07-18T04-15-21,94110,ZUCKERBERG SAN FRANCISCO GENERAL HO,NLP,NLP,NLP,166,07/15/2022 12:00:00 AM
2022-07-18T07-55-19,94110,ZUCKERBERG SAN FRANCISCO GENERAL HO,NLP,NLP,NLP,166,07/15/2022 12:00:00 AM
2022-07-19T04-15-25,94110,ZUCKERBERG SAN FRANCISCO GENERAL HO,NLP,NLP,NLP,164,07/18/2022 12:00:00 AM
2022-07-20T04-15-41,94110,ZUCKERBERG SAN FRANCISCO GENERAL HO,NLP,NLP,NLP,164,07/19/2022 12:00:00 AM
2022-07-21T04-15-40,94110,ZUCKERBERG SAN FRANCISCO GENERAL HO,NLP,NLP,NLP,169,07/20/2022 12:00:00 AM
2022-07-22T04-15-29,94110,ZUCKERBERG SAN FRANCISCO GENERAL HO,NLP,NLP,NLP,168,07/21/2022 12:00:00 AM
2022-07-23T04-15-20,94110,ZUCKERBERG SAN FRANCISCO GENERAL HO,NLP,NLP,NLP,168,07/22/2022 12:00:00 AM
2022-07-24T04-15-21,94110,ZUCKERBERG SAN FRANCISCO GENERAL HO,NLP,NLP,NLP,168,07/22/2022 12:00:00 AM
